1 20128745.550000 20129287.197225 0.000000
2 20129287.197225 20129828.844450 0.000000
3 20129828.844450 20130370.491675 0.000000
4 20130370.491675 20130912.138900 0.000000
5 20130912.138900 20131453.786125 30.000000
6 20131453.786125 20131995.433350 0.000000
7 20131995.433350 20132537.080575 0.000000
8 20132537.080575 20133078.727800 0.000000
9 20133078.727800 20133620.375025 0.000000
10 20133620.375025 20134162.022250 0.000000
11 20134162.022250 20134703.669475 0.000000
12 20134703.669475 20135245.316700 0.000000
13 20135245.316700 20135786.963925 0.000000
14 20135786.963925 20136328.611150 0.000000
15 20136328.611150 20136870.258375 0.000000
16 20136870.258375 20137411.905600 0.000000
17 20137411.905600 20137953.552825 0.000000
18 20137953.552825 20138495.200050 0.000000
19 20138495.200050 20139036.847275 0.000000
20 20139036.847275 20139578.494500 0.000000
21 20139578.494500 20140120.141725 20.000000
22 20140120.141725 20140661.788950 161.000000
23 20140661.788950 20141203.436175 156.000000
24 20141203.436175 20141745.083400 28.000000
25 20141745.083400 20142286.730625 0.000000
26 20142286.730625 20142828.377850 0.000000
27 20142828.377850 20143370.025075 0.000000
28 20143370.025075 20143911.672300 0.000000
29 20143911.672300 20144453.319525 0.000000
30 20144453.319525 20144994.966750 0.000000
31 20144994.966750 20145536.613975 0.000000
32 20145536.613975 20146078.261200 0.000000
33 20146078.261200 20146619.908425 0.000000
34 20146619.908425 20147161.555650 0.000000
35 20147161.555650 20147703.202875 0.000000
36 20147703.202875 20148244.850100 0.000000
37 20148244.850100 20148786.497325 0.000000
38 20148786.497325 20149328.144550 0.000000
39 20149328.144550 20149869.791775 0.000000
40 20149869.791775 20150411.439000 101.000000
41 20150411.439000 20150953.086225 172.000000
42 20150953.086225 20151494.733450 92.000000
43 20151494.733450 20152036.380675 0.000000
44 20152036.380675 20152578.027900 0.000000
45 20152578.027900 20153119.675125 0.000000
46 20153119.675125 20153661.322350 0.000000
47 20153661.322350 20154202.969575 0.000000
48 20154202.969575 20154744.616800 0.000000
49 20154744.616800 20155286.264025 0.000000
50 20155286.264025 20155827.911250 0.000000
51 20155827.911250 20156369.558475 0.000000
52 20156369.558475 20156911.205700 0.000000
53 20156911.205700 20157452.852925 0.000000
54 20157452.852925 20157994.500150 0.000000
55 20157994.500150 20158536.147375 0.000000
56 20158536.147375 20159077.794600 0.000000
57 20159077.794600 20159619.441825 0.000000
58 20159619.441825 20160161.089050 31.000000
59 20160161.089050 20160702.736275 153.000000
60 20160702.736275 20161244.383500 182.000000
61 20161244.383500 20161786.030725 0.000000
62 20161786.030725 20162327.677950 0.000000
63 20162327.677950 20162869.325175 0.000000
64 20162869.325175 20163410.972400 0.000000
65 20163410.972400 20163952.619625 0.000000
66 20163952.619625 20164494.266850 0.000000
67 20164494.266850 20165035.914075 0.000000
68 20165035.914075 20165577.561300 0.000000
69 20165577.561300 20166119.208525 0.000000
70 20166119.208525 20166660.855750 0.000000
71 20166660.855750 20167202.502975 0.000000
72 20167202.502975 20167744.150200 0.000000
73 20167744.150200 20168285.797425 0.000000
74 20168285.797425 20168827.444650 0.000000
75 20168827.444650 20169369.091875 0.000000
76 20169369.091875 20169910.739100 0.000000
77 20169910.739100 20170452.386325 120.000000
78 20170452.386325 20170994.033550 153.000000
79 20170994.033550 20171535.680775 92.000000
80 20171535.680775 20172077.328000 0.000000
81 20172077.328000 20172618.975225 0.000000
82 20172618.975225 20173160.622450 0.000000
83 20173160.622450 20173702.269675 0.000000
84 20173702.269675 20174243.916900 0.000000
85 20174243.916900 20174785.564125 0.000000
86 20174785.564125 20175327.211350 0.000000
87 20175327.211350 20175868.858575 0.000000
88 20175868.858575 20176410.505800 0.000000
89 20176410.505800 20176952.153025 0.000000
90 20176952.153025 20177493.800250 0.000000
91 20177493.800250 20178035.447475 0.000000
92 20178035.447475 20178577.094700 0.000000
93 20178577.094700 20179118.741925 0.000000
94 20179118.741925 20179660.389150 0.000000
95 20179660.389150 20180202.036375 33.000000
96 20180202.036375 20180743.683600 57.000000
97 20180743.683600 20181285.330825 0.000000
98 20181285.330825 20181826.978050 0.000000
99 20181826.978050 20182368.625275 0.000000
100 20182368.625275 20182910.272500 0.000000
