1 -14.700000 -11.458650 0.000000
2 -11.458650 -8.217300 0.000000
3 -8.217300 -4.975950 0.000000
4 -4.975950 -1.734600 0.000000
5 -1.734600 1.506750 1.000000
6 1.506750 4.748100 10.000000
7 4.748100 7.989450 14.000000
8 7.989450 11.230800 47.000000
9 11.230800 14.472150 30.000000
10 14.472150 17.713500 23.000000
11 17.713500 20.954850 22.000000
12 20.954850 24.196200 26.000000
13 24.196200 27.437550 29.000000
14 27.437550 30.678900 21.000000
15 30.678900 33.920250 17.000000
16 33.920250 37.161600 28.000000
17 37.161600 40.402950 29.000000
18 40.402950 43.644300 32.000000
19 43.644300 46.885650 37.000000
20 46.885650 50.127000 45.000000
21 50.127000 53.368350 38.000000
22 53.368350 56.609700 50.000000
23 56.609700 59.851050 43.000000
24 59.851050 63.092400 47.000000
25 63.092400 66.333750 31.000000
26 66.333750 69.575100 44.000000
27 69.575100 72.816450 39.000000
28 72.816450 76.057800 48.000000
29 76.057800 79.299150 27.000000
30 79.299150 82.540500 33.000000
31 82.540500 85.781850 25.000000
32 85.781850 89.023200 50.000000
33 89.023200 92.264550 25.000000
34 92.264550 95.505900 37.000000
35 95.505900 98.747250 19.000000
36 98.747250 101.988600 27.000000
37 101.988600 105.229950 21.000000
38 105.229950 108.471300 22.000000
39 108.471300 111.712650 15.000000
40 111.712650 114.954000 11.000000
41 114.954000 118.195350 30.000000
42 118.195350 121.436700 25.000000
43 121.436700 124.678050 12.000000
44 124.678050 127.919400 9.000000
45 127.919400 131.160750 25.000000
46 131.160750 134.402100 12.000000
47 134.402100 137.643450 24.000000
48 137.643450 140.884800 13.000000
49 140.884800 144.126150 19.000000
50 144.126150 147.367500 14.000000
51 147.367500 150.608850 10.000000
52 150.608850 153.850200 14.000000
53 153.850200 157.091550 18.000000
54 157.091550 160.332900 14.000000
55 160.332900 163.574250 12.000000
56 163.574250 166.815600 8.000000
57 166.815600 170.056950 18.000000
58 170.056950 173.298300 9.000000
59 173.298300 176.539650 11.000000
60 176.539650 179.781000 11.000000
61 179.781000 183.022350 16.000000
62 183.022350 186.263700 9.000000
63 186.263700 189.505050 11.000000
64 189.505050 192.746400 7.000000
65 192.746400 195.987750 8.000000
66 195.987750 199.229100 11.000000
67 199.229100 202.470450 17.000000
68 202.470450 205.711800 8.000000
69 205.711800 208.953150 6.000000
70 208.953150 212.194500 12.000000
71 212.194500 215.435850 5.000000
72 215.435850 218.677200 10.000000
73 218.677200 221.918550 14.000000
74 221.918550 225.159900 12.000000
75 225.159900 228.401250 6.000000
76 228.401250 231.642600 4.000000
77 231.642600 234.883950 7.000000
78 234.883950 238.125300 5.000000
79 238.125300 241.366650 5.000000
80 241.366650 244.608000 7.000000
81 244.608000 247.849350 3.000000
82 247.849350 251.090700 5.000000
83 251.090700 254.332050 3.000000
84 254.332050 257.573400 4.000000
85 257.573400 260.814750 3.000000
86 260.814750 264.056100 3.000000
87 264.056100 267.297450 1.000000
88 267.297450 270.538800 2.000000
89 270.538800 273.780150 0.000000
90 273.780150 277.021500 1.000000
91 277.021500 280.262850 0.000000
92 280.262850 283.504200 2.000000
93 283.504200 286.745550 0.000000
94 286.745550 289.986900 1.000000
95 289.986900 293.228250 0.000000
96 293.228250 296.469600 1.000000
97 296.469600 299.710950 0.000000
98 299.710950 302.952300 0.000000
99 302.952300 306.193650 0.000000
100 306.193650 309.435000 0.000000
