1 -23.850000 -18.591075 0.000000
2 -18.591075 -13.332150 0.000000
3 -13.332150 -8.073225 0.000000
4 -8.073225 -2.814300 0.000000
5 -2.814300 2.444625 2.000000
6 2.444625 7.703550 27.000000
7 7.703550 12.962475 96.000000
8 12.962475 18.221400 95.000000
9 18.221400 23.480325 104.000000
10 23.480325 28.739250 94.000000
11 28.739250 33.998175 82.000000
12 33.998175 39.257100 92.000000
13 39.257100 44.516025 71.000000
14 44.516025 49.774950 68.000000
15 49.774950 55.033875 71.000000
16 55.033875 60.292800 66.000000
17 60.292800 65.551725 63.000000
18 65.551725 70.810650 44.000000
19 70.810650 76.069575 62.000000
20 76.069575 81.328500 39.000000
21 81.328500 86.587425 41.000000
22 86.587425 91.846350 42.000000
23 91.846350 97.105275 28.000000
24 97.105275 102.364200 30.000000
25 102.364200 107.623125 34.000000
26 107.623125 112.882050 20.000000
27 112.882050 118.140975 32.000000
28 118.140975 123.399900 29.000000
29 123.399900 128.658825 28.000000
30 128.658825 133.917750 17.000000
31 133.917750 139.176675 18.000000
32 139.176675 144.435600 10.000000
33 144.435600 149.694525 11.000000
34 149.694525 154.953450 15.000000
35 154.953450 160.212375 10.000000
36 160.212375 165.471300 7.000000
37 165.471300 170.730225 7.000000
38 170.730225 175.989150 6.000000
39 175.989150 181.248075 7.000000
40 181.248075 186.507000 5.000000
41 186.507000 191.765925 7.000000
42 191.765925 197.024850 6.000000
43 197.024850 202.283775 7.000000
44 202.283775 207.542700 3.000000
45 207.542700 212.801625 5.000000
46 212.801625 218.060550 8.000000
47 218.060550 223.319475 9.000000
48 223.319475 228.578400 1.000000
49 228.578400 233.837325 5.000000
50 233.837325 239.096250 2.000000
51 239.096250 244.355175 6.000000
52 244.355175 249.614100 4.000000
53 249.614100 254.873025 3.000000
54 254.873025 260.131950 6.000000
55 260.131950 265.390875 4.000000
56 265.390875 270.649800 2.000000
57 270.649800 275.908725 1.000000
58 275.908725 281.167650 1.000000
59 281.167650 286.426575 2.000000
60 286.426575 291.685500 2.000000
61 291.685500 296.944425 4.000000
62 296.944425 302.203350 4.000000
63 302.203350 307.462275 0.000000
64 307.462275 312.721200 0.000000
65 312.721200 317.980125 2.000000
66 317.980125 323.239050 0.000000
67 323.239050 328.497975 1.000000
68 328.497975 333.756900 1.000000
69 333.756900 339.015825 1.000000
70 339.015825 344.274750 1.000000
71 344.274750 349.533675 1.000000
72 349.533675 354.792600 2.000000
73 354.792600 360.051525 1.000000
74 360.051525 365.310450 0.000000
75 365.310450 370.569375 0.000000
76 370.569375 375.828300 0.000000
77 375.828300 381.087225 1.000000
78 381.087225 386.346150 0.000000
79 386.346150 391.605075 0.000000
80 391.605075 396.864000 2.000000
81 396.864000 402.122925 0.000000
82 402.122925 407.381850 0.000000
83 407.381850 412.640775 0.000000
84 412.640775 417.899700 0.000000
85 417.899700 423.158625 0.000000
86 423.158625 428.417550 0.000000
87 428.417550 433.676475 0.000000
88 433.676475 438.935400 0.000000
89 438.935400 444.194325 0.000000
90 444.194325 449.453250 0.000000
91 449.453250 454.712175 1.000000
92 454.712175 459.971100 0.000000
93 459.971100 465.230025 1.000000
94 465.230025 470.488950 0.000000
95 470.488950 475.747875 0.000000
96 475.747875 481.006800 1.000000
97 481.006800 486.265725 0.000000
98 486.265725 491.524650 0.000000
99 491.524650 496.783575 0.000000
100 496.783575 502.042500 0.000000
