1 -45.850000 -20.575187 0.000000
2 -20.575187 4.699625 43.000000
3 4.699625 29.974438 142.000000
4 29.974438 55.249250 642.000000
5 55.249250 80.524063 582.000000
6 80.524063 105.798875 498.000000
7 105.798875 131.073688 373.000000
8 131.073688 156.348500 276.000000
9 156.348500 181.623313 207.000000
10 181.623313 206.898125 131.000000
11 206.898125 232.172938 49.000000
12 232.172938 257.447750 58.000000
13 257.447750 282.722563 45.000000
14 282.722563 307.997375 38.000000
15 307.997375 333.272188 21.000000
16 333.272188 358.547000 15.000000
17 358.547000 383.821813 8.000000
18 383.821813 409.096625 8.000000
19 409.096625 434.371438 9.000000
20 434.371438 459.646250 4.000000
21 459.646250 484.921063 2.000000
22 484.921063 510.195875 4.000000
23 510.195875 535.470688 2.000000
24 535.470688 560.745500 1.000000
25 560.745500 586.020313 0.000000
26 586.020313 611.295125 0.000000
27 611.295125 636.569938 0.000000
28 636.569938 661.844750 0.000000
29 661.844750 687.119563 0.000000
30 687.119563 712.394375 0.000000
31 712.394375 737.669188 0.000000
32 737.669188 762.944000 0.000000
33 762.944000 788.218813 0.000000
34 788.218813 813.493625 0.000000
35 813.493625 838.768438 1.000000
36 838.768438 864.043250 0.000000
37 864.043250 889.318063 0.000000
38 889.318063 914.592875 0.000000
39 914.592875 939.867688 1.000000
40 939.867688 965.142500 0.000000
