1 -23.850000 -10.702687 0.000000
2 -10.702687 2.444625 2.000000
3 2.444625 15.591938 170.000000
4 15.591938 28.739250 261.000000
5 28.739250 41.886563 316.000000
6 41.886563 55.033875 381.000000
7 55.033875 68.181188 335.000000
8 68.181188 81.328500 268.000000
9 81.328500 94.475813 233.000000
10 94.475813 107.623125 192.000000
11 107.623125 120.770438 164.000000
12 120.770438 133.917750 141.000000
13 133.917750 147.065063 119.000000
14 147.065063 160.212375 120.000000
15 160.212375 173.359688 83.000000
16 173.359688 186.507000 60.000000
17 186.507000 199.654313 50.000000
18 199.654313 212.801625 46.000000
19 212.801625 225.948938 33.000000
20 225.948938 239.096250 24.000000
21 239.096250 252.243563 30.000000
22 252.243563 265.390875 20.000000
23 265.390875 278.538187 19.000000
24 278.538187 291.685500 13.000000
25 291.685500 304.832813 20.000000
26 304.832813 317.980125 13.000000
27 317.980125 331.127438 5.000000
28 331.127438 344.274750 9.000000
29 344.274750 357.422063 8.000000
30 357.422063 370.569375 3.000000
31 370.569375 383.716688 3.000000
32 383.716688 396.864000 4.000000
33 396.864000 410.011313 2.000000
34 410.011313 423.158625 2.000000
35 423.158625 436.305938 2.000000
36 436.305938 449.453250 0.000000
37 449.453250 462.600563 2.000000
38 462.600563 475.747875 2.000000
39 475.747875 488.895188 3.000000
40 488.895188 502.042500 2.000000
