1 -45.850000 -35.740075 0.000000
2 -35.740075 -25.630150 0.000000
3 -25.630150 -15.520225 0.000000
4 -15.520225 -5.410300 0.000000
5 -5.410300 4.699625 42.000000
6 4.699625 14.809550 10.000000
7 14.809550 24.919475 58.000000
8 24.919475 35.029400 122.000000
9 35.029400 45.139325 137.000000
10 45.139325 55.249250 129.000000
11 55.249250 65.359175 113.000000
12 65.359175 75.469100 88.000000
13 75.469100 85.579025 117.000000
14 85.579025 95.688950 98.000000
15 95.688950 105.798875 92.000000
16 105.798875 115.908800 82.000000
17 115.908800 126.018725 77.000000
18 126.018725 136.128650 75.000000
19 136.128650 146.238575 44.000000
20 146.238575 156.348500 42.000000
21 156.348500 166.458425 35.000000
22 166.458425 176.568350 29.000000
23 176.568350 186.678275 31.000000
24 186.678275 196.788200 24.000000
25 196.788200 206.898125 16.000000
26 206.898125 217.008050 8.000000
27 217.008050 227.117975 8.000000
28 227.117975 237.227900 7.000000
29 237.227900 247.337825 15.000000
30 247.337825 257.447750 9.000000
31 257.447750 267.557675 6.000000
32 267.557675 277.667600 8.000000
33 277.667600 287.777525 10.000000
34 287.777525 297.887450 7.000000
35 297.887450 307.997375 8.000000
36 307.997375 318.107300 3.000000
37 318.107300 328.217225 3.000000
38 328.217225 338.327150 3.000000
39 338.327150 348.437075 0.000000
40 348.437075 358.547000 2.000000
41 358.547000 368.656925 2.000000
42 368.656925 378.766850 1.000000
43 378.766850 388.876775 4.000000
44 388.876775 398.986700 1.000000
45 398.986700 409.096625 0.000000
46 409.096625 419.206550 3.000000
47 419.206550 429.316475 2.000000
48 429.316475 439.426400 1.000000
49 439.426400 449.536325 1.000000
50 449.536325 459.646250 1.000000
51 459.646250 469.756175 0.000000
52 469.756175 479.866100 0.000000
53 479.866100 489.976025 0.000000
54 489.976025 500.085950 0.000000
55 500.085950 510.195875 1.000000
56 510.195875 520.305800 2.000000
57 520.305800 530.415725 0.000000
58 530.415725 540.525650 0.000000
59 540.525650 550.635575 1.000000
60 550.635575 560.745500 0.000000
61 560.745500 570.855425 0.000000
62 570.855425 580.965350 0.000000
63 580.965350 591.075275 0.000000
64 591.075275 601.185200 0.000000
65 601.185200 611.295125 0.000000
66 611.295125 621.405050 0.000000
67 621.405050 631.514975 0.000000
68 631.514975 641.624900 0.000000
69 641.624900 651.734825 0.000000
70 651.734825 661.844750 0.000000
71 661.844750 671.954675 0.000000
72 671.954675 682.064600 0.000000
73 682.064600 692.174525 0.000000
74 692.174525 702.284450 0.000000
75 702.284450 712.394375 0.000000
76 712.394375 722.504300 0.000000
77 722.504300 732.614225 0.000000
78 732.614225 742.724150 0.000000
79 742.724150 752.834075 0.000000
80 752.834075 762.944000 0.000000
81 762.944000 773.053925 0.000000
82 773.053925 783.163850 0.000000
83 783.163850 793.273775 0.000000
84 793.273775 803.383700 0.000000
85 803.383700 813.493625 0.000000
86 813.493625 823.603550 1.000000
87 823.603550 833.713475 0.000000
88 833.713475 843.823400 0.000000
89 843.823400 853.933325 0.000000
90 853.933325 864.043250 0.000000
91 864.043250 874.153175 0.000000
92 874.153175 884.263100 0.000000
93 884.263100 894.373025 0.000000
94 894.373025 904.482950 0.000000
95 904.482950 914.592875 0.000000
96 914.592875 924.702800 1.000000
97 924.702800 934.812725 0.000000
98 934.812725 944.922650 0.000000
99 944.922650 955.032575 0.000000
100 955.032575 965.142500 0.000000
