1 -0.400000 -0.179500 0.000000
2 -0.179500 0.041000 2.000000
3 0.041000 0.261500 5.000000
4 0.261500 0.482000 187.000000
5 0.482000 0.702500 396.000000
6 0.702500 0.923000 271.000000
7 0.923000 1.143500 194.000000
8 1.143500 1.364000 130.000000
9 1.364000 1.584500 80.000000
10 1.584500 1.805000 86.000000
11 1.805000 2.025500 36.000000
12 2.025500 2.246000 30.000000
13 2.246000 2.466500 28.000000
14 2.466500 2.687000 23.000000
15 2.687000 2.907500 28.000000
16 2.907500 3.128000 9.000000
17 3.128000 3.348500 12.000000
18 3.348500 3.569000 14.000000
19 3.569000 3.789500 11.000000
20 3.789500 4.010000 6.000000
21 4.010000 4.230500 5.000000
22 4.230500 4.451000 5.000000
23 4.451000 4.671500 3.000000
24 4.671500 4.892000 5.000000
25 4.892000 5.112500 3.000000
26 5.112500 5.333000 3.000000
27 5.333000 5.553500 0.000000
28 5.553500 5.774000 0.000000
29 5.774000 5.994500 1.000000
30 5.994500 6.215000 1.000000
31 6.215000 6.435500 0.000000
32 6.435500 6.656000 0.000000
33 6.656000 6.876500 2.000000
34 6.876500 7.097000 0.000000
35 7.097000 7.317500 1.000000
36 7.317500 7.538000 1.000000
37 7.538000 7.758500 0.000000
38 7.758500 7.979000 1.000000
39 7.979000 8.199500 2.000000
40 8.199500 8.420000 0.000000
