1 20128745.550000 20130099.668063 0.000000
2 20130099.668063 20131453.786125 30.000000
3 20131453.786125 20132807.904188 0.000000
4 20132807.904188 20134162.022250 0.000000
5 20134162.022250 20135516.140313 0.000000
6 20135516.140313 20136870.258375 0.000000
7 20136870.258375 20138224.376438 0.000000
8 20138224.376438 20139578.494500 0.000000
9 20139578.494500 20140932.612562 273.000000
10 20140932.612562 20142286.730625 92.000000
11 20142286.730625 20143640.848687 0.000000
12 20143640.848687 20144994.966750 0.000000
13 20144994.966750 20146349.084812 0.000000
14 20146349.084812 20147703.202875 0.000000
15 20147703.202875 20149057.320937 0.000000
16 20149057.320937 20150411.439000 101.000000
17 20150411.439000 20151765.557062 264.000000
18 20151765.557062 20153119.675125 0.000000
19 20153119.675125 20154473.793187 0.000000
20 20154473.793187 20155827.911250 0.000000
21 20155827.911250 20157182.029313 0.000000
22 20157182.029313 20158536.147375 0.000000
23 20158536.147375 20159890.265438 0.000000
24 20159890.265438 20161244.383500 365.000000
25 20161244.383500 20162598.501563 0.000000
26 20162598.501563 20163952.619625 0.000000
27 20163952.619625 20165306.737688 0.000000
28 20165306.737688 20166660.855750 0.000000
29 20166660.855750 20168014.973813 0.000000
30 20168014.973813 20169369.091875 0.000000
31 20169369.091875 20170723.209938 204.000000
32 20170723.209938 20172077.328000 161.000000
33 20172077.328000 20173431.446063 0.000000
34 20173431.446063 20174785.564125 0.000000
35 20174785.564125 20176139.682188 0.000000
36 20176139.682188 20177493.800250 0.000000
37 20177493.800250 20178847.918313 0.000000
38 20178847.918313 20180202.036375 33.000000
39 20180202.036375 20181556.154438 57.000000
40 20181556.154438 20182910.272500 0.000000
