1 -6.650000 -2.984188 0.000000
2 -2.984188 0.681625 2.000000
3 0.681625 4.347437 553.000000
4 4.347437 8.013250 325.000000
5 8.013250 11.679062 171.000000
6 11.679062 15.344875 120.000000
7 15.344875 19.010687 112.000000
8 19.010687 22.676500 48.000000
9 22.676500 26.342312 52.000000
10 26.342312 30.008125 63.000000
11 30.008125 33.673938 40.000000
12 33.673938 37.339750 60.000000
13 37.339750 41.005563 64.000000
14 41.005563 44.671375 52.000000
15 44.671375 48.337187 77.000000
16 48.337187 52.003000 57.000000
17 52.003000 55.668813 61.000000
18 55.668813 59.334625 61.000000
19 59.334625 63.000437 60.000000
20 63.000437 66.666250 47.000000
21 66.666250 70.332062 69.000000
22 70.332062 73.997875 30.000000
23 73.997875 77.663687 47.000000
24 77.663687 81.329500 58.000000
25 81.329500 84.995312 36.000000
26 84.995312 88.661125 36.000000
27 88.661125 92.326937 47.000000
28 92.326937 95.992750 31.000000
29 95.992750 99.658562 42.000000
30 99.658562 103.324375 42.000000
31 103.324375 106.990187 15.000000
32 106.990187 110.656000 35.000000
33 110.656000 114.321812 23.000000
34 114.321812 117.987625 23.000000
35 117.987625 121.653437 31.000000
36 121.653437 125.319250 25.000000
37 125.319250 128.985062 17.000000
38 128.985062 132.650875 27.000000
39 132.650875 136.316687 26.000000
40 136.316688 139.982500 27.000000
