1 -7.750000 -6.041125 0.000000
2 -6.041125 -4.332250 0.000000
3 -4.332250 -2.623375 0.000000
4 -2.623375 -0.914500 0.000000
5 -0.914500 0.794375 1.000000
6 0.794375 2.503250 0.000000
7 2.503250 4.212125 0.000000
8 4.212125 5.921000 0.000000
9 5.921000 7.629875 1.000000
10 7.629875 9.338750 1.000000
11 9.338750 11.047625 4.000000
12 11.047625 12.756500 8.000000
13 12.756500 14.465375 12.000000
14 14.465375 16.174250 20.000000
15 16.174250 17.883125 9.000000
16 17.883125 19.592000 18.000000
17 19.592000 21.300875 26.000000
18 21.300875 23.009750 34.000000
19 23.009750 24.718625 17.000000
20 24.718625 26.427500 50.000000
21 26.427500 28.136375 47.000000
22 28.136375 29.845250 31.000000
23 29.845250 31.554125 64.000000
24 31.554125 33.263000 78.000000
25 33.263000 34.971875 35.000000
26 34.971875 36.680750 76.000000
27 36.680750 38.389625 74.000000
28 38.389625 40.098500 78.000000
29 40.098500 41.807375 30.000000
30 41.807375 43.516250 71.000000
31 43.516250 45.225125 60.000000
32 45.225125 46.934000 31.000000
33 46.934000 48.642875 52.000000
34 48.642875 50.351750 61.000000
35 50.351750 52.060625 40.000000
36 52.060625 53.769500 26.000000
37 53.769500 55.478375 42.000000
38 55.478375 57.187250 30.000000
39 57.187250 58.896125 20.000000
40 58.896125 60.605000 36.000000
41 60.605000 62.313875 35.000000
42 62.313875 64.022750 24.000000
43 64.022750 65.731625 9.000000
44 65.731625 67.440500 18.000000
45 67.440500 69.149375 24.000000
46 69.149375 70.858250 13.000000
47 70.858250 72.567125 28.000000
48 72.567125 74.276000 18.000000
49 74.276000 75.984875 14.000000
50 75.984875 77.693750 14.000000
51 77.693750 79.402625 21.000000
52 79.402625 81.111500 13.000000
53 81.111500 82.820375 5.000000
54 82.820375 84.529250 13.000000
55 84.529250 86.238125 13.000000
56 86.238125 87.947000 6.000000
57 87.947000 89.655875 10.000000
58 89.655875 91.364750 8.000000
59 91.364750 93.073625 21.000000
60 93.073625 94.782500 6.000000
61 94.782500 96.491375 5.000000
62 96.491375 98.200250 3.000000
63 98.200250 99.909125 2.000000
64 99.909125 101.618000 8.000000
65 101.618000 103.326875 11.000000
66 103.326875 105.035750 6.000000
67 105.035750 106.744625 2.000000
68 106.744625 108.453500 6.000000
69 108.453500 110.162375 5.000000
70 110.162375 111.871250 5.000000
71 111.871250 113.580125 3.000000
72 113.580125 115.289000 1.000000
73 115.289000 116.997875 0.000000
74 116.997875 118.706750 1.000000
75 118.706750 120.415625 8.000000
76 120.415625 122.124500 2.000000
77 122.124500 123.833375 3.000000
78 123.833375 125.542250 4.000000
79 125.542250 127.251125 0.000000
80 127.251125 128.960000 0.000000
81 128.960000 130.668875 1.000000
82 130.668875 132.377750 0.000000
83 132.377750 134.086625 1.000000
84 134.086625 135.795500 1.000000
85 135.795500 137.504375 1.000000
86 137.504375 139.213250 0.000000
87 139.213250 140.922125 0.000000
88 140.922125 142.631000 2.000000
89 142.631000 144.339875 1.000000
90 144.339875 146.048750 0.000000
91 146.048750 147.757625 0.000000
92 147.757625 149.466500 0.000000
93 149.466500 151.175375 1.000000
94 151.175375 152.884250 0.000000
95 152.884250 154.593125 0.000000
96 154.593125 156.302000 1.000000
97 156.302000 158.010875 0.000000
98 158.010875 159.719750 0.000000
99 159.719750 161.428625 0.000000
100 161.428625 163.137500 0.000000
