1 -25.000000 -11.218750 0.000000
2 -11.218750 2.562500 1.000000
3 2.562500 16.343750 0.000000
4 16.343750 30.125000 28.000000
5 30.125000 43.906250 124.000000
6 43.906250 57.687500 205.000000
7 57.687500 71.468750 185.000000
8 71.468750 85.250000 156.000000
9 85.250000 99.031250 148.000000
10 99.031250 112.812500 99.000000
11 112.812500 126.593750 95.000000
12 126.593750 140.375000 100.000000
13 140.375000 154.156250 75.000000
14 154.156250 167.937500 84.000000
15 167.937500 181.718750 60.000000
16 181.718750 195.500000 35.000000
17 195.500000 209.281250 43.000000
18 209.281250 223.062500 16.000000
19 223.062500 236.843750 15.000000
20 236.843750 250.625000 19.000000
21 250.625000 264.406250 12.000000
22 264.406250 278.187500 16.000000
23 278.187500 291.968750 8.000000
24 291.968750 305.750000 13.000000
25 305.750000 319.531250 11.000000
26 319.531250 333.312500 3.000000
27 333.312500 347.093750 8.000000
28 347.093750 360.875000 3.000000
29 360.875000 374.656250 2.000000
30 374.656250 388.437500 2.000000
31 388.437500 402.218750 3.000000
32 402.218750 416.000000 2.000000
33 416.000000 429.781250 2.000000
34 429.781250 443.562500 1.000000
35 443.562500 457.343750 1.000000
36 457.343750 471.125000 1.000000
37 471.125000 484.906250 1.000000
38 484.906250 498.687500 1.000000
39 498.687500 512.468750 2.000000
40 512.468750 526.250000 0.000000
