1 -7.750000 -3.477813 0.000000
2 -3.477813 0.794375 2.000000
3 0.794375 5.066562 0.000000
4 5.066562 9.338750 2.000000
5 9.338750 13.610937 17.000000
6 13.610937 17.883125 36.000000
7 17.883125 22.155312 60.000000
8 22.155312 26.427500 93.000000
9 26.427500 30.699687 134.000000
10 30.699687 34.971875 166.000000
11 34.971875 39.244062 246.000000
12 39.244062 43.516250 182.000000
13 43.516250 47.788437 177.000000
14 47.788437 52.060625 193.000000
15 52.060625 56.332812 144.000000
16 56.332812 60.605000 125.000000
17 60.605000 64.877187 116.000000
18 64.877187 69.149375 124.000000
19 69.149375 73.421562 91.000000
20 73.421562 77.693750 79.000000
21 77.693750 81.965937 85.000000
22 81.965937 86.238125 81.000000
23 86.238125 90.510312 70.000000
24 90.510312 94.782500 68.000000
25 94.782500 99.054687 62.000000
26 99.054687 103.326875 59.000000
27 103.326875 107.599062 30.000000
28 107.599062 111.871250 47.000000
29 111.871250 116.143437 37.000000
30 116.143437 120.415625 46.000000
31 120.415625 124.687812 28.000000
32 124.687812 128.960000 25.000000
33 128.960000 133.232187 35.000000
34 133.232187 137.504375 27.000000
35 137.504375 141.776562 32.000000
36 141.776562 146.048750 31.000000
37 146.048750 150.320937 24.000000
38 150.320937 154.593125 21.000000
39 154.593125 158.865312 29.000000
40 158.865312 163.137500 40.000000
