1 0.000000 0.200000 0.000000
2 0.200000 0.400000 0.000000
3 0.400000 0.600000 0.000000
4 0.600000 0.800000 0.000000
5 0.800000 1.000000 0.000000
6 1.000000 1.200000 0.000000
7 1.200000 1.400000 0.000000
8 1.400000 1.600000 0.000000
9 1.600000 1.800000 0.000000
10 1.800000 2.000000 0.000000
11 2.000000 2.200000 0.000000
12 2.200000 2.400000 0.000000
13 2.400000 2.600000 0.000000
14 2.600000 2.800000 0.000000
15 2.800000 3.000000 0.000000
16 3.000000 3.200000 0.000000
17 3.200000 3.400000 0.000000
18 3.400000 3.600000 0.000000
19 3.600000 3.800000 0.000000
20 3.800000 4.000000 0.000000
21 4.000000 4.200000 0.000000
22 4.200000 4.400000 0.000000
23 4.400000 4.600000 0.000000
24 4.600000 4.800000 0.000000
25 4.800000 5.000000 0.000000
26 5.000000 5.200000 0.000000
27 5.200000 5.400000 0.000000
28 5.400000 5.600000 0.000000
29 5.600000 5.800000 0.000000
30 5.800000 6.000000 0.000000
31 6.000000 6.200000 0.000000
32 6.200000 6.400000 0.000000
33 6.400000 6.600000 0.000000
34 6.600000 6.800000 0.000000
35 6.800000 7.000000 0.000000
36 7.000000 7.200000 1.000000
37 7.200000 7.400000 1.000000
38 7.400000 7.600000 1.000000
39 7.600000 7.800000 0.000000
40 7.800000 8.000000 1.000000
41 8.000000 8.200000 2.000000
42 8.200000 8.400000 0.000000
43 8.400000 8.600000 1.000000
44 8.600000 8.800000 0.000000
45 8.800000 9.000000 0.000000
46 9.000000 9.200000 4.000000
47 9.200000 9.400000 1.000000
48 9.400000 9.600000 1.000000
49 9.600000 9.800000 2.000000
50 9.800000 10.000000 4.000000
51 10.000000 10.200000 1.000000
52 10.200000 10.400000 0.000000
53 10.400000 10.600000 0.000000
54 10.600000 10.800000 0.000000
55 10.800000 11.000000 0.000000
56 11.000000 11.200000 1.000000
57 11.200000 11.400000 0.000000
58 11.400000 11.600000 2.000000
59 11.600000 11.800000 1.000000
60 11.800000 12.000000 1.000000
61 12.000000 12.200000 0.000000
62 12.200000 12.400000 1.000000
63 12.400000 12.600000 0.000000
64 12.600000 12.800000 1.000000
65 12.800000 13.000000 0.000000
66 13.000000 13.200000 0.000000
67 13.200000 13.400000 0.000000
68 13.400000 13.600000 0.000000
69 13.600000 13.800000 1.000000
70 13.800000 14.000000 1.000000
71 14.000000 14.200000 1.000000
72 14.200000 14.400000 0.000000
73 14.400000 14.600000 0.000000
74 14.600000 14.800000 0.000000
75 14.800000 15.000000 0.000000
76 15.000000 15.200000 0.000000
77 15.200000 15.400000 0.000000
78 15.400000 15.600000 0.000000
79 15.600000 15.800000 0.000000
80 15.800000 16.000000 0.000000
81 16.000000 16.200000 0.000000
82 16.200000 16.400000 0.000000
83 16.400000 16.600000 0.000000
84 16.600000 16.800000 0.000000
85 16.800000 17.000000 0.000000
86 17.000000 17.200000 0.000000
87 17.200000 17.400000 0.000000
88 17.400000 17.600000 0.000000
89 17.600000 17.800000 0.000000
90 17.800000 18.000000 0.000000
91 18.000000 18.200000 0.000000
92 18.200000 18.400000 0.000000
93 18.400000 18.600000 0.000000
94 18.600000 18.800000 0.000000
95 18.800000 19.000000 0.000000
96 19.000000 19.200000 0.000000
97 19.200000 19.400000 0.000000
98 19.400000 19.600000 0.000000
99 19.600000 19.800000 0.000000
100 19.800000 20.000000 0.000000
