1 -0.351862 -0.157806 0.000000
2 -0.157806 0.036251 220.000000
3 0.036251 0.230307 520.000000
4 0.230307 0.424364 204.000000
5 0.424364 0.618420 123.000000
6 0.618420 0.812477 87.000000
7 0.812477 1.006533 67.000000
8 1.006533 1.200589 54.000000
9 1.200589 1.394646 30.000000
10 1.394646 1.588702 23.000000
11 1.588702 1.782759 12.000000
12 1.782759 1.976815 9.000000
13 1.976815 2.170872 10.000000
14 2.170872 2.364928 5.000000
15 2.364928 2.558985 10.000000
16 2.558985 2.753041 8.000000
17 2.753041 2.947097 3.000000
18 2.947097 3.141154 4.000000
19 3.141154 3.335210 3.000000
20 3.335210 3.529267 2.000000
21 3.529267 3.723323 4.000000
22 3.723323 3.917380 1.000000
23 3.917380 4.111436 2.000000
24 4.111436 4.305493 0.000000
25 4.305493 4.499549 2.000000
26 4.499549 4.693605 1.000000
27 4.693605 4.887662 1.000000
28 4.887662 5.081718 0.000000
29 5.081718 5.275775 1.000000
30 5.275775 5.469831 1.000000
31 5.469831 5.663888 0.000000
32 5.663888 5.857944 1.000000
33 5.857944 6.052001 1.000000
34 6.052001 6.246057 0.000000
35 6.246057 6.440113 0.000000
36 6.440113 6.634170 0.000000
37 6.634170 6.828226 0.000000
38 6.828226 7.022283 0.000000
39 7.022283 7.216339 1.000000
40 7.216339 7.410396 0.000000
