DATE L_TEMP
20131202 -1
20131203 -1
20131204 0
20131205 -3
20131206 -2
20131207 -1
20131208 -1
20131209 -5
20131210 -4
20131211 -3
20131212 -6
20131213 -5
20131214 -6
20131215 -5
20131216 -4
20131217 -7
20131218 -8
20131219 -7
20131220 -8
20131221 -6
20131222 -6
20131223 -6
20131224 -6
20131225 -5
20131226 -9
20131227 -6
20131228 -7
20131229 -6
20131230 -5
20131231 -3
20140101 -4
20140102 -2
20140103 -5
20140104 -3
20140105 -4
20140106 -3
20140107 -5
20140108 -9
20140109 -9
20140110 -8
20140111 -5
20140112 -9
20140113 -7
20140114 -7
20140115 -4
20140116 -4
20140117 -6
20140118 -4
20140119 -4
20140120 -5
20140121 -6
20140122 -4
20140123 -3
20140124 -3
20140125 -5
20140126 -5
20140127 -5
20140128 -5
20140129 -2
20140130 -4
20140131 -2
20140201 -1
20140202 -4
20140203 -7
20140204 -7
20140205 -5
20140206 -4
20140207 -5
20140208 -9
20140209 -11
20140210 -10
20140211 -9
20140212 -7
20140213 -6
20140214 -5
20140215 -4
20140216 -4
20140217 -4
20140218 -4
20140219 -5
20140220 -4
20140221 -2
20140222 0
20140223 -1
20140224 1
20140225 2
20140226 2
20140227 -3
20140228 -2
20140301 -2
20140302 -2
20140303 1
20140304 -3
20140305 -3
20140306 -3
20140307 -1
20140308 -2
20140309 -2
20140310 2
20140311 3
20140312 -2
20140313 3
20140314 2
20140315 5
20140316 5
20140317 5
20140318 6
20140319 5
20140320 4
20140321 5
20140322 6
20140323 6
20140324 8
20140325 9
20140326 10
20140327 13
20140328 11
20140329 8
20140330 10
20140331 9
20140401 11
20140402 10
20140403 7
20140404 8
20140405 6
20140406 9
20140407 10
20140408 12
20140409 12
20140410 11
20140411 11
20140412 9
20140413 12
20140414 16
20140415 12
20140416 12
20140417 11
20140418 12
20140419 8
20140420 10
20140421 10
20140422 12
20140423 16
20140424 16
20140425 12
20140426 9
20140427 11
20140428 11
20140429 13
20140430 16
20140501 14
20140502 12
20140503 10
20140504 7
20140505 8
20140506 10
20140507 12
20140508 14
20140509 15
20140510 10
20140511 8
20140512 16
20140513 16
20140514 10
20140515 16
20140516 15
20140517 16
20140518 19
20140519 17
20140520 18
20140521 19
20140522 22
20140523 20
20140524 19
20140525 16
20140526 19
20140527 19
20140528 22
20140529 23
20140530 22
20140531 24
20140601 19
20140602 17
20140603 20
20140604 21
20140605 23
20140606 18
20140607 17
20140608 17
20140609 17
20140610 17
20140611 18
20140612 21
20140613 21
20140614 22
20140615 23
20140616 21
20140617 20
20140618 20
20140619 19
20140620 19
20140621 19
20140622 18
20140623 20
20140624 22
20140625 21
20140626 23
20140627 21
20140628 22
20140629 23
20140630 24
20140701 21
20140702 22
20140703 23
20140704 23
20140705 23
20140706 24
20140707 24
20140708 23
20140709 22
20140710 24
20140711 22
20140712 22
20140713 22
20140714 23
20140715 24
20140716 23
20140717 24
20140718 25
20140719 26
20140720 26
20140721 26
20140722 24
20140723 23
20140724 24
20140725 22
20140726 25
20140727 24
20140728 24
20140729 22
20140730 24
20140731 24
20140801 25
20140802 26
20140803 24
20140804 21
20140805 21
20140806 21
20140807 21
20140808 21
20140809 21
20140810 22
20140811 21
20140812 19
20140813 18
20140814 20
20140815 20
20140816 22
20140817 21
20140818 21
20140819 22
20140820 23
20140821 23
20140822 22
20140823 22
20140824 19
20140825 19
20140826 19
20140827 20
20140828 19
20140829 19
20140830 19
20140831 20
20140901 19
20140902 18
20140903 18
20140904 17
20140905 19
20140906 21
20140907 20
20140908 17
20140909 16
20140910 18
20140911 18
20140912 17
20140913 19
20140914 15
20140915 13
20140916 14
20140917 12
20140918 14
20140919 16
20140920 16
20140921 17
20140922 17
20140923 16
20140924 14
20140925 16
20140926 15
20140927 15
20140928 16
20140929 10
20140930 11
20141001 10
20141002 11
20141003 12
20141004 12
20141005 8
20141006 9
20141007 11
20141008 13
20141009 14
20141010 13
20141011 14
20141012 6
20141013 4
20141014 7
20141015 6
20141016 7
20141017 8
20141018 11
20141019 10
20141020 9
20141021 7
20141022 8
20141023 12
20141024 11
20141025 12
20141026 4
20141027 3
20141028 6
20141029 9
20141030 10
20141031 9
20141101 6
20141102 2
20141103 3
20141104 5
20141105 6
20141106 2
20141107 2
20141108 2
20141109 2
20141110 3
20141111 2
20141112 -1
20141113 -2
20141114 0
20141115 1
20141116 0
20141117 -2
20141118 0
20141119 0
20141120 -1
20141121 0
20141122 0
20141123 0
20141124 -2
20141125 -1
20141126 1
20141127 0
20141128 -1
20141129 2
20141130 -6
20141201 -7
20141202 -7
20141203 -7
20141204 -8
20141205 -7
20141206 -4
20141207 -7
20141208 -6
20141209 -3
20141210 -5
20141211 -4
20141212 -7
20141213 -7
20141214 -4
20141215 -6
20141216 -6
20141217 -7
20141218 -4
20141219 -5
20141220 -6
20141221 -6
20141222 -5
20141223 -1
20141224 -5
20141225 -5
20141226 -5
20141227 -5
20141228 -4
20141229 -4
20141230 -5
20141231 -8
20150101 -5
20150102 -6
20150103 -5
20150104 -1
20150105 -4
20150106 -6
20150107 -6
20150108 -3
20150109 -5
20150110 -3
20150111 -6
20150112 -5
20150113 -5
20150114 -5
20150115 -3
20150116 -7
20150117 -5
20150118 -6
20150119 -5
20150120 -2
20150121 -7
20150122 -6
20150123 -3
20150124 -5
20150125 -4
20150126 -7
20150127 -7
20150128 -5
20150129 -6
20150130 -8
20150131 -7
20150201 -6
20150202 -5
20150203 -2
20150204 -3
20150205 -4
20150206 -1
20150207 -7
20150208 -6
20150209 -6
20150210 -1
20150211 -1
20150212 -5
20150213 -3
20150214 -1
20150215 -1
20150216 -1
20150217 -1
20150218 -3
20150219 -2
20150220 -1
20150221 -4
20150222 -5
20150223 -6
20150224 -1
20150225 -5
20150226 -5
20150227 -2
20150228 -3
20150301 -3
20150302 -2
20150303 -4
20150304 -5
20150305 -3
20150306 -2
20150307 0
20150308 -2
20150309 -6
20150310 -3
20150311 -4
20150312 -2
20150313 0
20150314 2
20150315 3
20150316 6
20150317 3
20150318 5
20150319 5
20150320 6
20150321 6
20150322 1
20150323 3
20150324 3
20150325 6
20150326 8
20150327 9
20150328 8
20150329 12
20150330 12
20150331 5
20150401 3
20150402 7
20150403 5
20150404 8
20150405 4
20150406 2
20150407 3
20150408 4
20150409 5
20150410 7
20150411 5
20150412 5
20150413 4
20150414 9
20150415 13
20150416 8
20150417 12
20150418 11
20150419 7
20150420 10
20150421 9
20150422 15
20150423 11
20150424 11
20150425 15
20150426 17
20150427 15
20150428 14
20150429 15
20150430 16
20150501 14
20150502 15
20150503 10
20150504 13
20150505 12
20150506 11
20150507 14
20150508 11
20150509 10
20150510 10
20150511 11
20150512 11
20150513 19
20150514 15
20150515 12
20150516 16
20150517 16
20150518 16
20150519 17
20150520 15
20150521 16
20150522 17
20150523 19
20150524 21
20150525 21
20150526 21
20150527 21
20150528 21
20150529 18
20150530 19
20150531 23
20150601 23
20150602 17
20150603 22
20150604 17
20150605 20
20150606 18
20150607 17
20150608 20
20150609 22
20150610 19
20150611 18
20150612 19
20150613 17
20150614 19
20150615 22
20150616 22
20150617 20
20150618 19
20150619 17
20150620 19
20150621 21
20150622 22
20150623 22
20150624 22
20150625 21
20150626 21
20150627 22
20150628 24
20150629 21
20150630 18
20150701 18
20150702 18
20150703 20
20150704 19
20150705 21
20150706 22
20150707 22
20150708 22
20150709 23
20150710 23
20150711 23
20150712 24
20150713 25
20150714 24
20150715 23
20150716 21
20150717 21
20150718 21
20150719 21
20150720 21
20150721 22
20150722 21
20150723 21
20150724 21
20150725 23
20150726 23
20150727 23
20150728 22
20150729 23
20150730 22
20150731 22
20150801 23
20150802 23
20150803 23
20150804 22
20150805 22
20150806 22
20150807 23
20150808 23
20150809 22
20150810 23
20150811 23
20150812 24
20150813 24
20150814 22
20150815 22
20150816 24
20150817 23
20150818 20
20150819 20
20150820 21
20150821 21
20150822 20
20150823 20
20150824 20
20150825 20
20150826 21
20150827 20
20150828 21
20150829 20
20150830 19
20150831 18
20150901 18
20150902 18
20150903 21
20150904 19
20150905 18
20150906 16
20150907 17
20150908 18
20150909 18
20150910 15
20150911 15
20150912 12
20150913 15
20150914 14
20150915 15
20150916 16
20150917 18
20150918 16
20150919 15
20150920 16
20150921 18
20150922 15
20150923 17
20150924 16
20150925 13
20150926 15
20150927 15
20150928 14
20150929 13
20150930 14
20151001 10
20151002 12
20151003 12
20151004 13
20151005 13
20151006 15
20151007 13
20151008 7
20151009 8
20151010 10
20151011 8
20151012 9
20151013 11
20151014 10
20151015 11
20151016 13
20151017 14
20151018 11
20151019 12
20151020 10
20151021 9
20151022 8
20151023 8
20151024 6
20151025 9
20151026 6
20151027 4
20151028 5
20151029 2
20151030 1
20151031 3
20151101 3
20151102 5
20151103 6
20151104 9
20151105 2
20151106 2
20151107 3
20151108 1
20151109 3
20151110 4
20151111 5
20151112 6
20151113 6
20151114 6
20151115 6
20151116 1
20151117 2
20151118 3
20151119 1
20151120 0
20151121 -2
20151122 -4
20151123 -6
20151124 -8
20151125 -9
20151126 -8
20151127 -5
20151128 -4
20151129 -5
20151130 -3
20151201 -3
20151202 -3
20151203 -4
20151204 -5
20151205 -4
20151206 -2
20151207 0
20151208 1
20151209 0
20151210 -4
20151211 -3
20151212 -3
20151213 -1
20151214 -2
20151215 -3
20151216 -7
20151217 -6
20151218 -5
20151219 -3
20151220 -5
20151221 -4
20151222 -5
20151223 -5
20151224 -6
20151225 -4
20151226 -6
20151227 -7
20151228 -5
20151229 -4
20151230 -6
20151231 -6
20160101 -4
20160102 -4
20160103 -4
20160104 -6
20160105 -7
20160106 -6
20160107 -7
20160108 -8
20160109 -6
20160110 -8
20160111 -9
20160112 -8
20160113 -7
20160114 -7
20160115 -5
20160116 -5
20160117 -10
20160118 -12
20160119 -9
20160120 -7
20160121 -9
20160122 -16
20160123 -14
20160124 -11
20160125 -8
20160126 -9
20160127 -7
20160128 -7
20160129 -6
20160130 -10
20160131 -9
20160201 -8
20160202 -7
20160203 -5
20160204 -5
20160205 -4
20160206 -6
20160207 -4
20160208 -3
20160209 -3
20160210 0
20160211 -1
20160212 2
20160213 -6
20160214 -6
20160215 -4
20160216 -4
20160217 -2
20160218 -2
20160219 -4
20160220 -6
20160221 -3
20160222 -4
20160223 -6
20160224 -3
20160225 -5
20160226 -2
20160227 -2
20160228 -4
20160229 -4
20160301 -2
20160302 2
20160303 3
20160304 5
20160305 -1
20160306 -2
20160307 -1
20160308 -2
20160309 -4
20160310 -4
20160311 -2
20160312 2
20160313 -2
20160314 3
20160315 2
20160316 6
20160317 6
20160318 5
20160319 3
20160320 4
20160321 7
20160322 5
20160323 3
20160324 3
20160325 3
20160326 5
20160327 5
20160328 8
20160329 7
20160330 7
20160331 13
20160401 11
20160402 8
20160403 6
20160404 8
20160405 11
20160406 12
20160407 8
20160408 10
20160409 8
20160410 5
20160411 8
20160412 8
20160413 11
20160414 10
20160415 13
20160416 11
20160417 10
20160418 8
20160419 8
20160420 10
20160421 15
20160422 11
20160423 8
20160424 17
20160425 14
20160426 14
20160427 12
20160428 13
20160429 15
20160430 15
20160501 18
20160502 12
20160503 10
20160504 15
20160505 16
20160506 13
20160507 12
20160508 15
20160509 12
20160510 17
20160511 19
20160512 9
20160513 13
20160514 11
20160515 10
20160516 16
20160517 17
20160518 18
20160519 15
20160520 16
20160521 15
20160522 18
20160523 13
20160524 17
20160525 17
20160526 16
20160527 18
20160528 17
20160529 17
20160530 23
20160531 17
20160601 18
20160602 20
20160603 19
20160604 19
20160605 18
20160606 20
20160607 16
20160608 19
20160609 22
20160610 20
20160611 18
20160612 20
20160613 18
20160614 18
20160615 17
20160616 22
20160617 20
20160618 21
20160619 24
20160620 22
20160621 23
20160622 16
20160623 20
20160624 21
20160625 22
20160626 24
20160627 21
20160628 20
20160629 22
20160630 22
20160701 21
20160702 21
20160703 23
20160704 20
20160705 22
20160706 22
20160707 23
20160708 24
20160709 25
20160710 26
20160711 24
20160712 23
20160713 23
20160714 22
20160715 21
20160716 22
20160717 23
20160718 24
20160719 22
20160720 21
20160721 23
20160722 25
20160723 26
20160724 24
20160725 23
20160726 24
20160727 25
20160728 23
20160729 25
20160730 25
20160731 24
20160801 24
20160802 24
20160803 25
20160804 25
20160805 25
20160806 24
20160807 23
20160808 24
20160809 25
20160810 26
20160811 27
20160812 25
20160813 24
20160814 24
20160815 21
20160816 23
20160817 23
20160818 22
20160819 22
20160820 23
20160821 23
20160822 23
20160823 24
20160824 24
20160825 18
20160826 17
20160827 20
20160828 18
20160829 19
20160830 19
20160831 19
20160901 19
20160902 19
20160903 20
20160904 18
20160905 20
20160906 21
20160907 19
20160908 18
20160909 19
20160910 18
20160911 18
20160912 18
20160913 19
20160914 20
20160915 21
20160916 20
20160917 17
20160918 15
20160919 13
20160920 14
20160921 16
20160922 17
20160923 19
20160924 20
20160925 19
20160926 19
20160927 12
20160928 10
20160929 12
20160930 14
20161001 15
20161002 16
20161003 16
20161004 11
20161005 13
20161006 14
20161007 12
20161008 5
20161009 8
20161010 10
20161011 10
20161012 10
20161013 12
20161014 13
20161015 11
20161016 12
20161017 9
20161018 12
20161019 14
20161020 11
20161021 11
20161022 7
20161023 0
20161024 6
20161025 10
20161026 0
20161027 7
20161028 2
20161029 2
20161030 2
20161031 -4
20161101 -2
20161102 1
20161103 2
20161104 4
20161105 2
20161106 3
20161107 2
20161108 -1
20161109 2
20161110 1
20161111 1
20161112 2
20161113 3
20161114 -2
20161115 0
20161116 2
20161117 4
20161118 6
20161119 0
20161120 -1
20161121 -9
20161122 -8
20161123 -6
20161124 -6
20161125 -5
20161126 -4
20161127 -4
20161128 -4
20161129 -3
20161130 -1
20161201 -4
20161202 -3
20161203 -2
20161204 -2
20161205 -5
20161206 -3
20161207 -2
20161208 -2
20161209 -5
20161210 -4
20161211 -1
20161212 -2
20161213 -7
20161214 -6
20161215 -6
20161216 -6
20161217 -4
20161218 -4
20161219 -4
20161220 -2
20161221 -3
20161222 -5
20161223 -6
20161224 -5
20161225 -5
20161226 -7
20161227 -7
20161228 -7
20161229 -7
20161230 -6
20161231 -6
20170101 -3
20170102 -6
20170103 -5
20170104 -5
20170105 -4
20170106 -2
20170107 -3
20170108 -4
20170109 -5
20170110 -6
20170111 -5
20170112 -4
20170113 -6
20170114 -7
20170115 -6
20170116 -5
20170117 -5
20170118 -4
20170119 -8
20170120 -8
20170121 -8
20170122 -10
20170123 -8
20170124 -7
20170125 -4
20170126 -6
20170127 -5
20170128 -4
20170129 -8
20170130 -5
20170131 -4
20170201 -7
20170202 -5
20170203 -3
20170204 -2
20170205 -4
20170206 -5
20170207 -4
20170208 -7
20170209 -5
20170210 -6
20170211 -5
20170212 -3
20170213 -4
20170214 -3
20170215 1
20170216 -4
20170217 -4
20170218 -1
20170219 -2
20170220 -2
20170221 -3
20170222 -3
20170223 -4
20170224 -2
20170225 -1
20170226 -2
20170227 2
20170228 2
20170301 -3
20170302 -2
20170303 -2
20170304 0
20170305 -2
20170306 -3
20170307 -1
20170308 2
20170309 2
20170310 4
20170311 4
20170312 1
20170313 2
20170314 3
20170315 3
20170316 6
20170317 5
20170318 5
20170319 7
20170320 6
20170321 4
20170322 7
20170323 2
20170324 0
20170325 4
20170326 4
20170327 5
20170328 4
20170329 7
20170330 5
20170331 5
20170401 5
20170402 6
20170403 12
20170404 12
20170405 9
20170406 10
20170407 14
20170408 7
20170409 8
20170410 10
20170411 7
20170412 9
20170413 8
20170414 11
20170415 14
20170416 14
20170417 12
20170418 11
20170419 11
20170420 11
20170421 9
20170422 13
20170423 11
20170424 11
20170425 8
20170426 11
20170427 13
20170428 14
20170429 17
20170430 13
20170501 14
20170502 17
20170503 16
20170504 14
20170505 11
20170506 12
20170507 15
20170508 16
20170509 15
20170510 15
20170511 13
20170512 15
20170513 15
20170514 14
20170515 15
20170516 17
20170517 19
20170518 21
20170519 22
20170520 20
20170521 18
20170522 16
20170523 14
20170524 17
20170525 16
20170526 17
20170527 21
20170528 22
20170529 18
20170530 16
20170531 19
20170601 17
20170602 13
20170603 16
20170604 19
20170605 15
20170606 14
20170607 18
20170608 20
20170609 21
20170610 17
20170611 18
20170612 18
20170613 17
20170614 21
20170615 24
20170616 24
20170617 25
20170618 23
20170619 21
20170620 22
20170621 22
20170622 20
20170623 19
20170624 18
20170625 20
20170626 21
20170627 22
20170628 23
20170629 24
20170630 25
20170701 25
20170702 24
20170703 24
20170704 23
20170705 23
20170706 23
20170707 23
20170708 25
20170709 23
20170710 19
20170711 26
20170712 27
20170713 25
20170714 24
20170715 25
20170716 25
20170717 25
20170718 25
20170719 25
20170720 25
20170721 23
20170722 24
20170723 24
20170724 23
20170725 22
20170726 20
20170727 23
20170728 22
20170729 22
20170730 21
20170731 23
20170801 24
20170802 24
20170803 24
20170804 25
20170805 23
20170806 24
20170807 24
20170808 22
20170809 23
20170810 24
20170811 23
20170812 22
20170813 23
20170814 23
20170815 23
20170816 22
20170817 22
20170818 22
20170819 22
20170820 23
20170821 24
20170822 22
20170823 22
20170824 20
20170825 19
20170826 19
20170827 18
20170828 17
20170829 16
20170830 19
20170831 19
20170901 19
20170902 19
20170903 19
20170904 20
20170905 19
20170906 18
20170907 19
20170908 20
20170909 21
20170910 19
20170911 16
20170912 19
20170913 19
20170914 20
20170915 18
20170916 18
20170917 16
20170918 18
20170919 15
20170920 14
20170921 17
20170922 14
20170923 17
20170924 18
20170925 18
20170926 13
20170927 10
20170928 11
20170929 11
20170930 16
20171001 13
20171002 9
20171003 9
20171004 10
20171005 11
20171006 13
20171007 13
20171008 13
20171009 9
20171010 6
20171011 6
20171012 9
20171013 9
20171014 9
20171015 8
20171016 7
20171017 11
20171018 9
20171019 9
20171020 11
20171021 10
20171022 7
20171023 5
20171024 8
20171025 9
20171026 9
20171027 9
20171028 5
20171029 1
20171030 2
20171031 4
20171101 5
20171102 3
20171103 0
20171104 3
20171105 4
20171106 4
20171107 4
20171108 4
20171109 5
20171110 -1
20171111 0
20171112 0
20171113 0
20171114 -4
20171115 -3
20171116 -1
20171117 -4
20171118 -6
20171119 -5
20171120 -3
20171121 -2
20171122 -5
20171123 -4
20171124 -5
20171125 -4
20171126 -4
20171127 -3
20171128 -5
20171129 -6
20171130 -5
20171201 -5
20171202 -4
20171203 -5
20171204 -6
20171205 -4
20171206 -4
20171207 -5
20171208 -4
20171209 -4
20171210 -5
20171211 -8
20171212 -8
20171213 -5
20171214 -4
20171215 -6
20171216 -8
20171217 -5
20171218 -6
20171219 -4
20171220 -5
20171221 -6
20171222 -6
20171223 -3
20171224 -7
20171225 -4
20171226 -6
20171227 -5
20171228 -4
20171229 -3
20171230 -6
20171231 -6
20180101 -6
20180102 -5
20180103 -5
20180104 -8
20180105 -6
20180106 -5
20180107 -4
20180108 -6
20180109 -8
20180110 -10
20180111 -10
20180112 -8
20180113 -7
20180114 -5
20180115 -5
20180116 -5
20180117 -7
20180118 -6
20180119 -4
20180120 -6
20180121 -5
20180122 -10
20180123 -12
20180124 -11
20180125 -11
20180126 -10
20180127 -9
20180128 -9
20180129 -8
20180130 -7
20180131 -8
20180201 -7
20180202 -9
20180203 -9
20180204 -8
20180205 -10
20180206 -7
20180207 -10
20180208 -7
20180209 -9
20180210 -9
20180211 -9
20180212 -7
20180213 -4
20180214 -6
20180215 -5
20180216 -5
20180217 -4
20180218 -3
20180219 -3
20180220 -5
20180221 -4
20180222 -4
20180223 -4
20180224 -6
20180225 4
20180226 -1
20180227 0
20180228 -2
20180301 -3
20180302 -1
20180303 3
20180304 -2
20180305 -3
20180306 -3
20180307 -2
20180308 -4
20180309 -2
20180310 -2
20180311 0
20180312 3
20180313 5
20180314 6
20180315 -1
20180316 -1
20180317 0
20180318 1
20180319 2
20180320 -2
20180321 1
20180322 4
20180323 5
20180324 5
20180325 7
20180326 7
20180327 11
20180328 9
20180329 7
20180330 8
20180331 9
