DATE WIND
20131202 3
20131203 3
20131204 3
20131205 3
20131206 3
20131207 3.75
20131208 4
20131209 3.75
20131210 3.75
20131211 3.5
20131212 3
20131213 3
20131214 3
20131215 3
20131216 3
20131217 3
20131218 3
20131219 3
20131220 3
20131221 3
20131222 3
20131223 3
20131224 3.75
20131225 4
20131226 3
20131227 3
20131228 3
20131229 3
20131230 3.25
20131231 3
20140101 3
20140102 3
20140103 3
20140104 3
20140105 3
20140106 3.25
20140107 3.5
20140108 3
20140109 3
20140110 3
20140111 3.25
20140112 3
20140113 3 
20140114 3
20140115 3
20140116 3.25
20140117 3
20140118 3.75
20140119 4.5
20140120 3.25
20140121 3
20140122 3
20140123 3
20140124 3
20140125 3
20140126 3
20140127 3
20140128 3
20140129 3
20140130 3
20140131 3
20140201 3.75
20140202 4.5
20140203 3.25
20140204 3
20140205 3
20140206 3
20140207 3.25
20140208 3.25
20140209 3
20140210 3
20140211 3
20140212 3
20140213 3
20140214 3
20140215 3
20140216 3
20140217 3
20140218 3
20140219 3
20140220 3
20140221 3
20140222 3
20140223 3
20140224 3
20140225 3
20140226 3.5
20140227 3
20140228 3
20140301 3
20140302 3
20140303 4
20140304 3.25 
20140305 3
20140306 3
20140307 3
20140308 3
20140309 3
20140310 3
20140311 4
20140312 3
20140313 3
20140314 3
20140315 3
20140316 4
20140317 3.75
20140318 3.25
20140319 4
20140320 3
20140321 3
20140322 3
20140323 3
20140324 3
20140325 3
20140326 3
20140327 3
20140328 3
20140329 3
20140330 3
20140331 3
20140401 3
20140402 4
20140403 3.75
20140404 3.25
20140405 3
20140406 3
20140407 3
20140408 4
20140409 3.25
20140410 3
20140411 3
20140412 3
20140413 3.25
20140414 3.25
20140415 3
20140416 3
20140417 3
20140418 3
20140419 3
20140420 3
20140421 3
20140422 3
20140423 3
20140424 3
20140425 3
20140426 3
20140427 3
20140428 3
20140429 3
20140430 3.75
20140501 4.5
20140502 3.75
20140503 5
20140504 3.25
20140505 3
20140506 3.25
20140507 3
20140508 3
20140509 3
20140510 3
20140511 3
20140512 3.25
20140513 4
20140514 3
20140515 3
20140516 3
20140517 3
20140518 3.25
20140519 3
20140520 3
20140521 3.25
20140522 3
20140523 3
20140524 3.25
20140525 3.25
20140526 3.75
20140527 3.75
20140528 3
20140529 3
20140530 3
20140531 3
20140601 3
20140602 3
20140603 3
20140604 3
20140605 3
20140606 3 
20140607 3
20140608 3
20140609 3
20140610 3
20140611 3
20140612 3
20140613 3
20140614 3
20140615 3
20140616 3
20140617 3
20140618 3
20140619 3
20140620 3
20140621 3
20140622 3
20140623 3
20140624 3
20140625 3 
20140626 3
20140627 3
20140628 3
20140629 3
20140630 3
20140701 3
20140702 3
20140703 3
20140704 3
20140705 3
20140706 3
20140707 3
20140708 3
20140709 3
20140710 3
20140711 3
20140712 3
20140713 3 
20140714 3
20140715 3
20140716 3
20140717 3 
20140718 3
20140719 3
20140720 3
20140721 3
20140722 3
20140723 3
20140724 3
20140725 3
20140726 3
20140727 3 
20140728 3
20140729 3
20140730 3
20140731 3
20140801 3
20140802 3
20140803 3 
20140804 3
20140805 3
20140806 3 
20140807 3
20140808 3 
20140809 3
20140810 3
20140811 3
20140812 3
20140813 3
20140814 3
20140815 3
20140816 3
20140817 3
20140818 3
20140819 3
20140820 3
20140821 3
20140822 3
20140823 3.25
20140824 3.25
20140825 3
20140826 3
20140827 3
20140828 3
20140829 3
20140830 3
20140831 3
20140901 3
20140902 3
20140903 3
20140904 3
20140905 3
20140906 3 
20140907 3.5
20140908 3
20140909 3
20140910 3
20140911 3
20140912 3
20140913 3
20140914 3
20140915 3
20140916 3
20140917 3
20140918 3
20140919 3 
20140920 3
20140921 3
20140922 3
20140923 3
20140924 3
20140925 3
20140926 3 
20140927 3
20140928 3.75
20140929 3
20140930 3
20141001 3
20141002 3
20141003 3
20141004 3.25
20141005 3
20141006 3
20141007 3
20141008 3
20141009 3
20141010 3.25
20141011 4.5
20141012 3
20141013 3
20141014 3.75
20141015 3.25
20141016 3
20141017 3
20141018 3
20141019 3
20141020 3
20141021 3
20141022 3
20141023 3
20141024 3
20141025 4
20141026 3.25
20141027 3
20141028 3
20141029 3
20141030 3
20141031 3.25
20141101 4.5
20141102 3.25
20141103 3
20141104 3.25
20141105 3.25
20141106 3
20141107 3
20141108 3
20141109 3
20141110 4
20141111 4
20141112 3.25
20141113 3
20141114 3
20141115 3.25
20141116 3
20141117 3
20141118 3
20141119 3
20141120 3
20141121 3
20141122 3
20141123 3
20141124 3
20141125 3
20141126 3
20141127 3
20141128 3
20141129 4.5
20141130 5.5
20141201 3.25
20141202 3.75
20141203 5
20141204 3.75
20141205 3
20141206 3.25
20141207 3.25
20141208 3
20141209 4.25 
20141210 4.5
20141211 4.5
20141212 3.25
20141213 3
20141214 4.5
20141215 5
20141216 3.25
20141217 3
20141218 4
20141219 4
20141220 3.25
20141221 3.25
20141222 3.25
20141223 3.5
20141224 3
20141225 3
20141226 3
20141227 3
20141228 3
20141229 3
20141230 5.5
20141231 3.25
20150101 3
20150102 3
20150103 3
20150104 3.75
20150105 3.75
20150106 3
20150107 3
20150108 3
20150109 3
20150110 3.25
20150111 3
20150112 3
20150113 3
20150114 3
20150115 4.5
20150116 3.25
20150117 3.75
20150118 3.25
20150119 3
20150120 3.5
20150121 3
20150122 3
20150123 3
20150124 3
20150125 3.75
20150126 3.75
20150127 3
20150128 3.25
20150129 3.25
20150130 3
20150131 3
20150201 3
20150202 3.75
20150203 4
20150204 3.75
20150205 3
20150206 4.5
20150207 4
20150208 3
20150209 3
20150210 3
20150211 3
20150212 3
20150213 3
20150214 3
20150215 3.75
20150216 3.5
20150217 3
20150218 3
20150219 3
20150220 4.25
20150221 5
20150222 3
20150223 3
20150224 4.5
20150225 3.5
20150226 3
20150227 3
20150228 3.5
20150301 4.5
20150302 5.5
20150303 3.25
20150304 3
20150305 3.25
20150306 3
20150307 3.75
20150308 4.5
20150309 3.25
20150310 3
20150311 3
20150312 3
20150313 3
20150314 3.25
20150315 3
20150316 3
20150317 3
20150318 3
20150319 3
20150320 4
20150321 3.5
20150322 3
20150323 3
20150324 3.25
20150325 3.25
20150326 3.25
20150327 4
20150328 3.5
20150329 3
20150330 3.25
20150331 3
20150401 3
20150402 3.25
20150403 3
20150404 4
20150405 4
20150406 3
20150407 3
20150408 3
20150409 3
20150410 3
20150411 4
20150412 4
20150413 3
20150414 4.75
20150415 5.5
20150416 3
20150417 3
20150418 3.5
20150419 3
20150420 4
20150421 3.5
20150422 3.5
20150423 3.25
20150424 3.25
20150425 3.5
20150426 3.25
20150427 3
20150428 3
20150429 3.5
20150430 3.5
20150501 3.25
20150502 4.5
20150503 4
20150504 3.5
20150505 3.5
20150506 3.5
20150507 3.5
20150508 3.5
20150509 3.5
20150510 3.5
20150511 3.5
20150512 3.5
20150513 3.5
20150514 3.5
20150515 3.5
20150516 3.5
20150517 3.5
20150518 3.5
20150519 3.5
20150520 3.5
20150521 3.5
20150522 3.5
20150523 3.5
20150524 3.5
20150525 3.5
20150526 3.5
20150527 3.5
20150528 3.5
20150529 3.5
20150530 3.5
20150531 3.5
20150601 3.5
20150602 3.5
20150603 3.5
20150604 3.5
20150605 3.5
20150606 3.5
20150607 3.5
20150608 3.5
20150609 3.5
20150610 3.5
20150611 3.5
20150612 3.5
20150613 3.5
20150614 3.5
20150615 3.5
20150616 3.5
20150617 3.5
20150618 3.5
20150619 3.5
20150620 3.5
20150621 3.5
20150622 3.5
20150623 3.5
20150624 3.5
20150625 3.5
20150626 3.5
20150627 3.5
20150628 3.5
20150629 3.5
20150630 3.5
20150701 3.5
20150702 3.5
20150703 3.5
20150704 3.5
20150705 3.5
20150706 3.5
20150707 3.5
20150708 3.5
20150709 3.5
20150710 3.5
20150711 3.5
20150712 3.5
20150713 3.5
20150714 3.5
20150715 3.5
20150716 3.5
20150717 3.5
20150718 3.5
20150719 3.5
20150720 3.5
20150721 3.5
20150722 3.5
20150723 3.5
20150724 3.5
20150725 3.5
20150726 3.5
20150727 3.5
20150728 3.5
20150729 3.5
20150730 3.5
20150731 3.5
20150801 3.5
20150802 3.5
20150803 3.5
20150804 3.5
20150805 3.5
20150806 3.5
20150807 3.5
20150808 3.5
20150809 3.5
20150810 3.5
20150811 3.5
20150812 3.5
20150813 3.5
20150814 3.5
20150815 3.5
20150816 3.5
20150817 3.5
20150818 3.5
20150819 3.5
20150820 3.5
20150821 3.5
20150822 3.5
20150823 3.5
20150824 3.5
20150825 3.5
20150826 3.5
20150827 3.5
20150828 3.5
20150829 3.5
20150830 3.5
20150831 3.5
20150901 3.5
20150902 3.5
20150903 3.5
20150904 3.5
20150905 3.5
20150906 3.5
20150907 3.5
20150908 3.5
20150909 3.5
20150910 3.5
20150911 3.5
20150912 3.5
20150913 3.5
20150914 3.5
20150915 3.5
20150916 3.5
20150917 3.5
20150918 3.5
20150919 3.5
20150920 3.5
20150921 3.5
20150922 3.5
20150923 3.5
20150924 3.5
20150925 3.5
20150926 3.5
20150927 3.5
20150928 3.5
20150929 3.5
20150930 3.5
20151001 3.5
20151002 3.5
20151003 3.5
20151004 3.5
20151005 3.5
20151006 3.5
20151007 3.5
20151008 3.5
20151009 3.5
20151010 3.5
20151011 3.5
20151012 3.5
20151013 3.5
20151014 3.5
20151015 3.5
20151016 3.5
20151017 3.5
20151018 3.5
20151019 3.5
20151020 3.5
20151021 3.5
20151022 3.5
20151023 3.5
20151024 3.5
20151025 3.5
20151026 3.5
20151027 3.5
20151028 3.5
20151029 3.5
20151030 3.5
20151031 3.5
20151101 3.5
20151102 3.5
20151103 3.5
20151104 3.5
20151105 3.5
20151106 3.5
20151107 3.5
20151108 3.5
20151109 3.5
20151110 3.5
20151111 3.5
20151112 3.5
20151113 3.5
20151114 3.5
20151115 3.5
20151116 3.5
20151117 3.5
20151118 3.5
20151119 3.5
20151120 3.5
20151121 3.5
20151122 3.5
20151123 3.5
20151124 3.5
20151125 3.5
20151126 3.5
20151127 3.5
20151128 3.5
20151129 3.5
20151130 3.5
20151201 3.5
20151202 3.5
20151203 3.5
20151204 3.5
20151205 3.5
20151206 3.5
20151207 3.5
20151208 3.5
20151209 3.5
20151210 3.5
20151211 3.5
20151212 3.5
20151213 3.5
20151214 3.5
20151215 3.5
20151216 3.5
20151217 3.5
20151218 3.5
20151219 3.5
20151220 3.5
20151221 3.5
20151222 3.5
20151223 3.5
20151224 3.5
20151225 3.5
20151226 3.5
20151227 3.5
20151228 3.5
20151229 3.5
20151230 3.5
20151231 3.5
20160101 3.5
20160102 3.5
20160103 3.5
20160104 3.5
20160105 3.5
20160106 3.5
20160107 3.5
20160108 3.5
20160109 3.5
20160110 3.5
20160111 3.5
20160112 3.5
20160113 3.5
20160114 3.5
20160115 3.5
20160116 3.5
20160117 3.5
20160118 3.5
20160119 3.5
20160120 3.5
20160121 3.5
20160122 3.5
20160123 3.5
20160124 3.5
20160125 3.5
20160126 3.5
20160127 3.5
20160128 3.5
20160129 3.5
20160130 3.5
20160131 3.5
20160201 3.5
20160202 3.5
20160203 3.5
20160204 3.5
20160205 3.5
20160206 3.5
20160207 3.5
20160208 3.5
20160209 3.5
20160210 3.5
20160211 3.5
20160212 3.5
20160213 3.5
20160214 3.5
20160215 3.5
20160216 3.5
20160217 3.5
20160218 3.5
20160219 3.5
20160220 3.5
20160221 3.5
20160222 3.5
20160223 3.5
20160224 3.5
20160225 3.5
20160226 3.5
20160227 3.5
20160228 3.5
20160229 3.5
20160301 3.5
20160302 3.5
20160303 3.5
20160304 3.5
20160305 3.5
20160306 3.5
20160307 3.5
20160308 3.5
20160309 3.5
20160310 3.5
20160311 3.5
20160312 3.5
20160313 3.5
20160314 3.5
20160315 3.5
20160316 3.5
20160317 3.5
20160318 3.5
20160319 3.5
20160320 3.5
20160321 3.5
20160322 3.5
20160323 3.5
20160324 3.5
20160325 3.5
20160326 3.5
20160327 3.5
20160328 3.5
20160329 3.5
20160330 3.5
20160331 3.5
20160401 3.5
20160402 3.5
20160403 3.5
20160404 3.5
20160405 3.5
20160406 3.5
20160407 3.5
20160408 3.5
20160409 3.5
20160410 3.5
20160411 3.5
20160412 3.5
20160413 3.5
20160414 3.5
20160415 3.5
20160416 3.5
20160417 3.5
20160418 3.5
20160419 3.5
20160420 3.5
20160421 3.5
20160422 3.5
20160423 3.5
20160424 3.5
20160425 3.5
20160426 3.5
20160427 3.5
20160428 3.5
20160429 3.5
20160430 3.5
20160501 3.5
20160502 3.5
20160503 3.5
20160504 3.5
20160505 3.5
20160506 3.5
20160507 3.5
20160508 3.5
20160509 3.5
20160510 3.5
20160511 3.5
20160512 3.5
20160513 3.5
20160514 3.5
20160515 3.5
20160516 3.5
20160517 3.5
20160518 3.5
20160519 3.5
20160520 3.5
20160521 3.5
20160522 3.5
20160523 3.5
20160524 3.5
20160525 3.5
20160526 3.5
20160527 3.5
20160528 3.5
20160529 3.5
20160530 3.5
20160531 3.5
20160601 3.5
20160602 3.5
20160603 3.5
20160604 3.5
20160605 3.5
20160606 3.5
20160607 3.5
20160608 3.5
20160609 3.5
20160610 3.5
20160611 3.5
20160612 3.5
20160613 3.5
20160614 3.5
20160615 3.5
20160616 3.5
20160617 3.5
20160618 3.5
20160619 3.5
20160620 3.5
20160621 3.5
20160622 3.5
20160623 3.5
20160624 3.5
20160625 3.5
20160626 3.5
20160627 3.5
20160628 3.5
20160629 3.5
20160630 3.5
20160701 3.5
20160702 3.5
20160703 3.5
20160704 3.5
20160705 3.5
20160706 3.5
20160707 3.5
20160708 3.5
20160709 3.5
20160710 3.5
20160711 3.5
20160712 3.5
20160713 3.5
20160714 3.5
20160715 3.5
20160716 3.5
20160717 3.5
20160718 3.5
20160719 3.5
20160720 3.5
20160721 3.5
20160722 3.5
20160723 3.5
20160724 3.5
20160725 3.5
20160726 3.5
20160727 3.5
20160728 3.5
20160729 3.5
20160730 3.5
20160731 3.5
20160801 1
20160802 2
20160803 1
20160804 2
20160805 2
20160806 2
20160807 1
20160808 2
20160809 2
20160810 2
20160811 1
20160812 1
20160813 2
20160814 2
20160815 2
20160816 2
20160817 2
20160818 2
20160819 2
20160820 2
20160821 2
20160822 1
20160823 1
20160824 2
20160825 2
20160826 2
20160827 2
20160828 2
20160829 1
20160830 2
20160831 2
20160901 1
20160902 2
20160903 2
20160904 1
20160905 2
20160906 2
20160907 1 
20160908 1
20160909 2
20160910 1
20160911 2
20160912 1
20160913 1
20160914 1
20160915 1
20160916 2
20160917 1
20160918 1
20160919 1
20160920 1
20160921 1
20160922 2
20160923 1
20160924 1
20160925 1
20160926 0.5
20160927 2
20160928 2
20160929 1
20160930 1
20161001 1
20161002 1
20161003 1
20161004 2
20161005 1
20161006 2
20161007 1
20161008 1
20161009 1
20161010 0.5
20161011 2
20161012 1
20161013 1
20161014 1
20161015 1
20161016 1
20161017 1
20161018 1
20161019 1
20161020 1
20161021 1
20161022 1
20161023 3 
20161024 1
20161025 1
20161026 3
20161027 1
20161028 1
20161029 2
20161030 4
20161031 2
20161101 2
20161102 2
20161103 2
20161104 1
20161105 2
20161106 1
20161107 2
20161108 2
20161109 1 
20161110 1
20161111 0.5
20161112 1
20161113 1
20161114 2
20161115 0.5
20161116 1
20161117 1
20161118 1
20161119 3
20161120 3
20161121 3
20161122 2
20161123 2
20161124 1
20161125 1
20161126 1
20161127 2
20161128 0.5
20161129 1
20161130 1
20161201 1
20161202 1
20161203 1
20161204 1
20161205 1
20161206 0.5
20161207 1
20161208 2
20161209 1
20161210 1
20161211 1
20161212 1
20161213 1
20161214 2
20161215 1
20161216 1
20161217 1
20161218 1
20161219 1
20161220 2
20161221 2
20161222 2
20161223 3
20161224 1
20161225 1
20161226 1
20161227 3
20161228 3
20161229 2
20161230 1
20161231 2
20170101 1
20170102 1
20170103 1
20170104 1
20170105 1
20170106 1
20170107 1
20170108 1
20170109 1
20170110 1
20170111 1
20170112 1
20170113 1
20170114 1
20170115 1
20170116 1
20170117 1
20170118 1
20170119 1
20170120 1
20170121 1
20170122 1
20170123 1
20170124 1
20170125 1
20170126 1
20170127 1
20170128 1
20170129 1
20170130 1
20170131 1
20170201 1
20170202 1
20170203 1
20170204 1
20170205 1
20170206 1
20170207 1
20170208 1
20170209 1
20170210 1
20170211 1
20170212 1
20170213 1
20170214 1
20170215 1
20170216 1
20170217 1
20170218 1
20170219 1
20170220 1
20170221 1
20170222 1
20170223 1
20170224 1
20170225 1
20170226 1
20170227 1
20170228 1
20170301 1
20170302 1
20170303 1
20170304 1
20170305 1
20170306 1
20170307 1
20170308 1
20170309 1
20170310 1
20170311 1
20170312 1
20170313 1
20170314 1
20170315 1
20170316 1
20170317 1
20170318 1
20170319 1
20170320 1
20170321 1
20170322 1
20170323 1
20170324 1 
20170325 1
20170326 1
20170327 1
20170328 1
20170329 1
20170330 1
20170331 1
20170401 1
20170402 1
20170403 1
20170404 1
20170405 1
20170406 1
20170407 1
20170408 1
20170409 1
20170410 1
20170411 1
20170412 1
20170413 1
20170414 1
20170415 1
20170416 1
20170417 1
20170418 1
20170419 1 
20170420 1 
20170421 1
20170422 1
20170423 1 
20170424 1
20170425 1
20170426 1
20170427 1
20170428 1
20170429 1
20170430 1
20170501 1
20170502 1
20170503 1
20170504 1
20170505 1
20170506 1
20170507 1
20170508 1
20170509 1
20170510 1
20170511 1
20170512 1
20170513 1
20170514 1
20170515 1
20170516 1
20170517 1
20170518 1
20170519 1
20170520 1
20170521 1
20170522 1
20170523 1
20170524 1
20170525 1
20170526 1
20170527 1
20170528 1
20170529 1
20170530 1
20170531 1
20170601 1
20170602 1
20170603 1
20170604 1
20170605 1
20170606 1
20170607 1
20170608 1
20170609 1
20170610 1
20170611 1
20170612 1
20170613 1
20170614 1
20170615 1
20170616 1
20170617 1
20170618 1
20170619 1
20170620 1
20170621 1
20170622 1
20170623 1
20170624 1
20170625 1
20170626 1
20170627 1
20170628 1
20170629 1
20170630 1
20170701 1
20170702 1
20170703 1
20170704 1
20170705 1
20170706 1
20170707 1
20170708 1
20170709 1
20170710 1
20170711 1
20170712 1
20170713 1
20170714 1
20170715 1
20170716 1 
20170717 1 
20170718 1
20170719 1
20170720 1
20170721 1
20170722 1
20170723 1
20170724 1
20170725 1
20170726 1
20170727 1
20170728 1
20170729 1
20170730 1
20170731 1
20170801 1
20170802 1
20170803 1
20170804 1
20170805 1
20170806 1
20170807 1
20170808 1
20170809 1
20170810 1
20170811 1 
20170812 1
20170813 1
20170814 1
20170815 1
20170816 1
20170817 1
20170818 1
20170819 1
20170820 1
20170821 1
20170822 1
20170823 1
20170824 1
20170825 1
20170826 1
20170827 1
20170828 1
20170829 1
20170830 1
20170831 1
20170901 1
20170902 1
20170903 1
20170904 1
20170905 1
20170906 1
20170907 1
20170908 1
20170909 1
20170910 1
20170911 1
20170912 1
20170913 1
20170914 1
20170915 1
20170916 1
20170917 1
20170918 1
20170919 1
20170920 1
20170921 1
20170922 1
20170923 1
20170924 1
20170925 1
20170926 1
20170927 1
20170928 1
20170929 1
20170930 1
20171001 1
20171002 1
20171003 1
20171004 1
20171005 1
20171006 1
20171007 1
20171008 1
20171009 1
20171010 1
20171011 1
20171012 1
20171013 1
20171014 1
20171015 1
20171016 1
20171017 1
20171018 1
20171019 1
20171020 1
20171021 1
20171022 1
20171023 1
20171024 1
20171025 1
20171026 1
20171027 1
20171028 1
20171029 1
20171030 1
20171031 1
20171101 1
20171102 1
20171103 1
20171104 1
20171105 1
20171106 1
20171107 1
20171108 1
20171109 1
20171110 1
20171111 1
20171112 1
20171113 1
20171114 1
20171115 1
20171116 1
20171117 1
20171118 1
20171119 1
20171120 1
20171121 1
20171122 1
20171123 1
20171124 1
20171125 1
20171126 1
20171127 1
20171128 1
20171129 1
20171130 1
20171201 1
20171202 1
20171203 1
20171204 1
20171205 1
20171206 1
20171207 1
20171208 1
20171209 1
20171210 1
20171211 1
20171212 1
20171213 1
20171214 1
20171215 1
20171216 1
20171217 1
20171218 1
20171219 1
20171220 1
20171221 1
20171222 1
20171223 1
20171224 1
20171225 1
20171226 1
20171227 1
20171228 1
20171229 1
20171230 1
20171231 1
20180101 1
20180102 2
20180103 2
20180104 1
20180105 0.5
20180106 2
20180107 3
20180108 3
20180109 3
20180110 3
20180111 2
20180112 1
20180113 0.5
20180114 1
20180115 2
20180116 1
20180117 2
20180118 1
20180119 0.5
20180120 2
20180121 2
20180122 3
20180123 2
20180124 3
20180125 1
20180126 2
20180127 1
20180128 2
20180129 2
20180130 2
20180131 2
20180201 3
20180202 3
20180203 2
20180204 2
20180205 2
20180206 2
20180207 2
20180208 1
20180209 3
20180210 3
20180211 2
20180212 3
20180213 1
20180214 1
20180215 2
20180216 2
20180217 1
20180218 2
20180219 1
20180220 2
20180221 1
20180222 1
20180223 2
20180224 1
20180225 0.5
20180226 0.5
20180227 2
20180228 3
20180301 2
20180302 1
20180303 2
20180304 2
20180305 2
20180306 2
20180307 2
20180308 2
20180309 2
20180310 2
20180311 2
20180312 1
20180313 1
20180314 2
20180315 2
20180316 2
20180317 2
20180318 2
20180319 2
20180320 2
20180321 2
20180322 2
20180323 1
20180324 2
20180325 2
20180326 1
20180327 1
20180328 1
20180329 3
20180330 2
20180331 1
