1 -1.000000 -0.950000 0.000000
2 -0.950000 -0.900000 0.000000
3 -0.900000 -0.850000 0.000000
4 -0.850000 -0.800000 0.000000
5 -0.800000 -0.750000 0.000000
6 -0.750000 -0.700000 0.000000
7 -0.700000 -0.650000 1.000000
8 -0.650000 -0.600000 0.000000
9 -0.600000 -0.550000 1.000000
10 -0.550000 -0.500000 6.000000
11 -0.500000 -0.450000 11.000000
12 -0.450000 -0.400000 20.000000
13 -0.400000 -0.350000 30.000000
14 -0.350000 -0.300000 37.000000
15 -0.300000 -0.250000 87.000000
16 -0.250000 -0.200000 132.000000
17 -0.200000 -0.150000 181.000000
18 -0.150000 -0.100000 224.000000
19 -0.100000 -0.050000 315.000000
20 -0.050000 0.000000 409.000000
21 0.000000 0.050000 488.000000
22 0.050000 0.100000 603.000000
23 0.100000 0.150000 747.000000
24 0.150000 0.200000 808.000000
25 0.200000 0.250000 990.000000
26 0.250000 0.300000 1060.000000
27 0.300000 0.350000 1141.000000
28 0.350000 0.400000 1296.000000
29 0.400000 0.450000 1318.000000
30 0.450000 0.500000 1429.000000
31 0.500000 0.550000 1575.000000
32 0.550000 0.600000 1631.000000
33 0.600000 0.650000 1695.000000
34 0.650000 0.700000 1721.000000
35 0.700000 0.750000 1767.000000
36 0.750000 0.800000 1781.000000
37 0.800000 0.850000 1826.000000
38 0.850000 0.900000 1796.000000
39 0.900000 0.950000 1812.000000
40 0.950000 1.000000 1856.000000
41 1.000000 1.050000 1857.000000
42 1.050000 1.100000 1830.000000
43 1.100000 1.150000 1761.000000
44 1.150000 1.200000 1691.000000
45 1.200000 1.250000 1683.000000
46 1.250000 1.300000 1593.000000
47 1.300000 1.350000 1649.000000
48 1.350000 1.400000 1663.000000
49 1.400000 1.450000 1494.000000
50 1.450000 1.500000 1479.000000
51 1.500000 1.550000 1507.000000
52 1.550000 1.600000 1376.000000
53 1.600000 1.650000 1401.000000
54 1.650000 1.700000 1263.000000
55 1.700000 1.750000 1286.000000
56 1.750000 1.800000 1253.000000
57 1.800000 1.850000 1252.000000
58 1.850000 1.900000 1104.000000
59 1.900000 1.950000 1097.000000
60 1.950000 2.000000 1061.000000
61 2.000000 2.050000 1067.000000
62 2.050000 2.100000 930.000000
63 2.100000 2.150000 914.000000
64 2.150000 2.200000 872.000000
65 2.200000 2.250000 900.000000
66 2.250000 2.300000 855.000000
67 2.300000 2.350000 891.000000
68 2.350000 2.400000 838.000000
69 2.400000 2.450000 761.000000
70 2.450000 2.500000 802.000000
71 2.500000 2.550000 697.000000
72 2.550000 2.600000 744.000000
73 2.600000 2.650000 646.000000
74 2.650000 2.700000 648.000000
75 2.700000 2.750000 638.000000
76 2.750000 2.800000 649.000000
77 2.800000 2.850000 601.000000
78 2.850000 2.900000 554.000000
79 2.900000 2.950000 502.000000
80 2.950000 3.000000 500.000000
81 3.000000 3.050000 529.000000
82 3.050000 3.100000 493.000000
83 3.100000 3.150000 499.000000
84 3.150000 3.200000 479.000000
85 3.200000 3.250000 458.000000
86 3.250000 3.300000 375.000000
87 3.300000 3.350000 411.000000
88 3.350000 3.400000 390.000000
89 3.400000 3.450000 394.000000
90 3.450000 3.500000 380.000000
91 3.500000 3.550000 425.000000
92 3.550000 3.600000 377.000000
93 3.600000 3.650000 364.000000
94 3.650000 3.700000 342.000000
95 3.700000 3.750000 328.000000
96 3.750000 3.800000 351.000000
97 3.800000 3.850000 326.000000
98 3.850000 3.900000 321.000000
99 3.900000 3.950000 315.000000
100 3.950000 4.000000 298.000000
