1 -1.350000 -1.324500 0.000000
2 -1.324500 -1.299000 0.000000
3 -1.299000 -1.273500 0.000000
4 -1.273500 -1.248000 0.000000
5 -1.248000 -1.222500 0.000000
6 -1.222500 -1.197000 0.000000
7 -1.197000 -1.171500 0.000000
8 -1.171500 -1.146000 0.000000
9 -1.146000 -1.120500 1.000000
10 -1.120500 -1.095000 0.000000
11 -1.095000 -1.069500 0.000000
12 -1.069500 -1.044000 0.000000
13 -1.044000 -1.018500 0.000000
14 -1.018500 -0.993000 0.000000
15 -0.993000 -0.967500 0.000000
16 -0.967500 -0.942000 2.000000
17 -0.942000 -0.916500 0.000000
18 -0.916500 -0.891000 1.000000
19 -0.891000 -0.865500 2.000000
20 -0.865500 -0.840000 2.000000
21 -0.840000 -0.814500 2.000000
22 -0.814500 -0.789000 6.000000
23 -0.789000 -0.763500 7.000000
24 -0.763500 -0.738000 6.000000
25 -0.738000 -0.712500 9.000000
26 -0.712500 -0.687000 13.000000
27 -0.687000 -0.661500 12.000000
28 -0.661500 -0.636000 11.000000
29 -0.636000 -0.610500 16.000000
30 -0.610500 -0.585000 28.000000
31 -0.585000 -0.559500 25.000000
32 -0.559500 -0.534000 32.000000
33 -0.534000 -0.508500 29.000000
34 -0.508500 -0.483000 52.000000
35 -0.483000 -0.457500 51.000000
36 -0.457500 -0.432000 59.000000
37 -0.432000 -0.406500 63.000000
38 -0.406500 -0.381000 69.000000
39 -0.381000 -0.355500 53.000000
40 -0.355500 -0.330000 76.000000
41 -0.330000 -0.304500 95.000000
42 -0.304500 -0.279000 98.000000
43 -0.279000 -0.253500 113.000000
44 -0.253500 -0.228000 140.000000
45 -0.228000 -0.202500 132.000000
46 -0.202500 -0.177000 126.000000
47 -0.177000 -0.151500 128.000000
48 -0.151500 -0.126000 162.000000
49 -0.126000 -0.100500 162.000000
50 -0.100500 -0.075000 160.000000
51 -0.075000 -0.049500 158.000000
52 -0.049500 -0.024000 156.000000
53 -0.024000 0.001500 186.000000
54 0.001500 0.027000 188.000000
55 0.027000 0.052500 159.000000
56 0.052500 0.078000 168.000000
57 0.078000 0.103500 164.000000
58 0.103500 0.129000 163.000000
59 0.129000 0.154500 145.000000
60 0.154500 0.180000 145.000000
61 0.180000 0.205500 146.000000
62 0.205500 0.231000 128.000000
63 0.231000 0.256500 135.000000
64 0.256500 0.282000 129.000000
65 0.282000 0.307500 116.000000
66 0.307500 0.333000 88.000000
67 0.333000 0.358500 85.000000
68 0.358500 0.384000 81.000000
69 0.384000 0.409500 75.000000
70 0.409500 0.435000 66.000000
71 0.435000 0.460500 58.000000
72 0.460500 0.486000 48.000000
73 0.486000 0.511500 40.000000
74 0.511500 0.537000 28.000000
75 0.537000 0.562500 38.000000
76 0.562500 0.588000 24.000000
77 0.588000 0.613500 31.000000
78 0.613500 0.639000 16.000000
79 0.639000 0.664500 14.000000
80 0.664500 0.690000 22.000000
81 0.690000 0.715500 18.000000
82 0.715500 0.741000 4.000000
83 0.741000 0.766500 3.000000
84 0.766500 0.792000 13.000000
85 0.792000 0.817500 3.000000
86 0.817500 0.843000 0.000000
87 0.843000 0.868500 2.000000
88 0.868500 0.894000 3.000000
89 0.894000 0.919500 2.000000
90 0.919500 0.945000 0.000000
91 0.945000 0.970500 1.000000
92 0.970500 0.996000 3.000000
93 0.996000 1.021500 2.000000
94 1.021500 1.047000 0.000000
95 1.047000 1.072500 0.000000
96 1.072500 1.098000 3.000000
97 1.098000 1.123500 0.000000
98 1.123500 1.149000 0.000000
99 1.149000 1.174500 0.000000
100 1.174500 1.200000 0.000000
