1 -10.000000 -9.800000 383.000000
2 -9.800000 -9.600000 351.000000
3 -9.600000 -9.400000 369.000000
4 -9.400000 -9.200000 395.000000
5 -9.200000 -9.000000 445.000000
6 -9.000000 -8.800000 492.000000
7 -8.800000 -8.600000 574.000000
8 -8.600000 -8.400000 666.000000
9 -8.400000 -8.200000 744.000000
10 -8.200000 -8.000000 841.000000
11 -8.000000 -7.800000 923.000000
12 -7.800000 -7.600000 1092.000000
13 -7.600000 -7.400000 1163.000000
14 -7.400000 -7.200000 1241.000000
15 -7.200000 -7.000000 1285.000000
16 -7.000000 -6.800000 1325.000000
17 -6.800000 -6.600000 1415.000000
18 -6.600000 -6.400000 1439.000000
19 -6.400000 -6.200000 1422.000000
20 -6.200000 -6.000000 1411.000000
21 -6.000000 -5.800000 1378.000000
22 -5.800000 -5.600000 1317.000000
23 -5.600000 -5.400000 1239.000000
24 -5.400000 -5.200000 1199.000000
25 -5.200000 -5.000000 1089.000000
26 -5.000000 -4.800000 1039.000000
27 -4.800000 -4.600000 933.000000
28 -4.600000 -4.400000 955.000000
29 -4.400000 -4.200000 873.000000
30 -4.200000 -4.000000 813.000000
31 -4.000000 -3.800000 825.000000
32 -3.800000 -3.600000 761.000000
33 -3.600000 -3.400000 752.000000
34 -3.400000 -3.200000 743.000000
35 -3.200000 -3.000000 782.000000
36 -3.000000 -2.800000 778.000000
37 -2.800000 -2.600000 849.000000
38 -2.600000 -2.400000 877.000000
39 -2.400000 -2.200000 908.000000
40 -2.200000 -2.000000 1007.000000
41 -2.000000 -1.800000 935.000000
42 -1.800000 -1.600000 983.000000
43 -1.600000 -1.400000 1055.000000
44 -1.400000 -1.200000 1063.000000
45 -1.200000 -1.000000 1053.000000
46 -1.000000 -0.800000 1068.000000
47 -0.800000 -0.600000 1149.000000
48 -0.600000 -0.400000 1076.000000
49 -0.400000 -0.200000 1113.000000
50 -0.200000 0.000000 1111.000000
51 0.000000 0.200000 1012.000000
52 0.200000 0.400000 1116.000000
53 0.400000 0.600000 1001.000000
54 0.600000 0.800000 1022.000000
55 0.800000 1.000000 987.000000
56 1.000000 1.200000 1041.000000
57 1.200000 1.400000 1032.000000
58 1.400000 1.600000 991.000000
59 1.600000 1.800000 1040.000000
60 1.800000 2.000000 1078.000000
61 2.000000 2.200000 1079.000000
62 2.200000 2.400000 1079.000000
63 2.400000 2.600000 1114.000000
64 2.600000 2.800000 1159.000000
65 2.800000 3.000000 1153.000000
66 3.000000 3.200000 1189.000000
67 3.200000 3.400000 1253.000000
68 3.400000 3.600000 1192.000000
69 3.600000 3.800000 1146.000000
70 3.800000 4.000000 1088.000000
71 4.000000 4.200000 1130.000000
72 4.200000 4.400000 1061.000000
73 4.400000 4.600000 1031.000000
74 4.600000 4.800000 996.000000
75 4.800000 5.000000 892.000000
76 5.000000 5.200000 842.000000
77 5.200000 5.400000 794.000000
78 5.400000 5.600000 769.000000
79 5.600000 5.800000 721.000000
80 5.800000 6.000000 612.000000
81 6.000000 6.200000 564.000000
82 6.200000 6.400000 581.000000
83 6.400000 6.600000 604.000000
84 6.600000 6.800000 620.000000
85 6.800000 7.000000 622.000000
86 7.000000 7.200000 696.000000
87 7.200000 7.400000 735.000000
88 7.400000 7.600000 817.000000
89 7.600000 7.800000 1003.000000
90 7.800000 8.000000 970.000000
91 8.000000 8.200000 1104.000000
92 8.200000 8.400000 1254.000000
93 8.400000 8.600000 1307.000000
94 8.600000 8.800000 1405.000000
95 8.800000 9.000000 1421.000000
96 9.000000 9.200000 1588.000000
97 9.200000 9.400000 1638.000000
98 9.400000 9.600000 1556.000000
99 9.600000 9.800000 1596.000000
100 9.800000 10.000000 1600.000000
