DATE AQI PM2p5 PM10 SO2 CO NO2 O3_8h
20131202 142 109 138 61 2.6 88 11
20131203 86 64 86 38 1.6 54 45
20131204 109 82 101 42 2 62 23
20131205 56 39 56 30 1.2 38 52
20131206 169 128 162 48 2.5 78 15
20131207 291 241 285 64 4.2 98 6
20131208 223 173 189 47 2.9 60 41
20131209 26 11 16 10 0.6 22 51
20131210 45 21 45 14 1 29 52
20131211 30 19 30 15 0.7 30 45
20131212 29 16 29 11 0.8 25 56
20131213 66 48 63 29 1.3 45 29
20131214 56 40 48 29 1.2 41 46
20131215 64 46 55 31 1.5 49 31
20131216 134 102 126 59 2.5 70 10
20131217 80 59 41 35 1.4 39 42
20131218 45 29 45 22 0.9 32 43
20131219 63 45 60 30 1.2 50 35
20131220 45 30 45 28 1.1 46 47
20131221 82 61 81 43 1.6 69 30
20131222 179 135 178 67 2.8 95 14
20131223 166 126 166 62 2.9 90 30
20131224 269 219 268 94 4.8 123 10
20131225 219 169 219 65 3.3 94 54
20131226 30 10 20 9 0.4 21 59
20131227 23 16 21 19 0.6 34 40
20131228 31 11 18 11 0.3 21 61
20131229 78 58 87 48 1.7 76 30
20131230 67 43 84 28 1.1 53 59
20131231 99 50 148 23 1.2 49 63
20140101 81 45 111 28 1.5 62 52
20140102 145 111 168 69 3.4 93 14
20140103 74 47 98 29 1.3 52 56
20140104 149 114 147 40 2.8 75 14
20140105 119 91 117 36 2.3 67 44
20140106 182 138 158 46 2.4 68 12
20140107 145 111 125 34 2 60 43
20140108 27 15 25 13 0.5 21 53
20140109 46 27 46 19 0.8 35 53
20140110 85 63 94 53 1.9 71 19
20140111 139 106 128 76 2.8 90 11
20140112 47 27 47 27 0.7 39 59
20140113 109 82 107 67 2.3 78 20
20140114 108 82 108 68 2.4 74 24
20140115 125 95 117 66 2.7 84 18
20140116 402 353 384 109 4.6 123 20
20140117 215 165 194 67 2.4 76 30
20140118 99 74 81 42 1.5 61 36
20140119 151 115 186 71 2.5 72 41
20140120 35 8 35 6 0.3 15 65
20140121 26 18 25 27 0.7 34 50
20140122 150 115 138 75 2.2 93 16
20140123 271 221 263 118 4 125 8
20140124 197 148 168 79 2.8 92 23
20140125 42 24 42 24 1 42 61
20140126 72 53 81 45 1 47 44
20140127 118 89 120 57 1.8 60 56
20140128 62 40 75 28 0.9 38 56
20140129 155 118 141 71 2.3 75 32
20140130 96 72 97 39 1.2 46 68
20140131 190 143 182 63 1.4 48 38
20140201 179 135 146 52 2 57 12
20140202 89 66 97 19 1.2 31 73
20140203 37 5 32 5 0.3 8 73
20140204 40 27 40 19 0.6 21 68
20140205 117 88 102 53 1.6 49 42
20140206 157 120 130 66 2 64 39
20140207 133 102 67 33 1.6 59 30
20140208 90 67 40 23 1.2 36 66
20140209 33 9 16 16 0.5 18 65
20140210 35 24 28 26 0.7 38 55
20140211 129 98 111 58 2.1 77 37
20140212 146 111 116 53 2.2 77 47
20140213 238 188 173 73 2.8 84 24
20140214 315 265 295 73 3.1 95 27
20140215 428 393 449 100 3.8 110 25
20140216 346 296 204 79 3.2 88 60
20140217 138 105 52 67 2.1 72 56
20140218 95 71 84 38 1.1 61 44
20140219 87 64 72 34 1.2 60 64
20140220 214 164 175 45 2.2 79 30
20140221 309 259 284 78 2.7 101 26
20140222 313 263 300 102 3.4 102 18
20140223 261 211 246 130 3.6 92 14
20140224 310 260 327 133 4.7 119 19
20140225 403 354 389 78 5.2 122 13
20140226 366 316 250 81 3.7 106 18
20140227 35 16 24 13 0.5 25 70
20140228 103 78 102 33 1.5 71 47
20140301 54 38 57 23 0.8 48 70
20140302 178 135 165 60 2.6 93 40
20140303 268 218 248 96 4.2 102 18
20140304 77 57 78 27 1.3 40 74
20140305 35 20 35 16 0.8 35 66
20140306 39 16 28 14 0.6 29 77
20140307 66 48 72 26 1.1 53 65
20140308 172 131 166 68 2.3 92 38
20140309 124 94 118 45 1.6 68 72
20140310 107 81 101 53 1.7 72 45
20140311 205 155 196 76 2.4 80 68
20140312 41 11 23 9 0.4 26 82
20140313 62 20 75 14 0.6 37 77
20140314 64 21 79 13 0.5 31 86
20140315 124 94 173 43 1.5 89 61
20140316 148 113 198 76 2.1 72 97
20140317 145 83 241 27 1.2 50 82
20140318 87 37 124 17 0.6 36 91
20140319 72 46 93 17 0.8 46 78
20140320 44 10 27 5 0.4 23 87
20140321 57 25 64 11 0.6 43 92
20140322 82 47 115 16 0.8 53 96
20140323 177 134 183 44 1.6 69 146
20140324 270 220 249 53 2 93 115
20140325 250 200 237 43 1.6 92 159
20140326 319 269 318 43 2 111 137
20140327 299 249 300 34 2.4 107 86
20140328 168 128 171 25 1.7 66 90
20140329 63 39 76 7 0.6 37 95
20140330 64 31 78 8 0.5 58 92
20140331 176 133 183 35 1.8 81 89
20140401 137 104 117 17 0.9 60 125
20140402 130 99 159 21 1 58 135
20140403 65 23 80 6 0.5 36 93
20140404 91 32 132 8 0.6 40 100
20140405 65 22 80 6 0.4 29 100
20140406 96 53 143 12 0.7 58 109
20140407 128 97 176 20 0.8 62 144
20140408 224 174 237 38 1.5 82 184
20140409 159 121 239 19 0.9 50 145
20140410 251 87 386 27 1.3 52 94
20140411 81 60 112 17 1 60 94
20140412 131 100 136 25 1.4 75 136
20140413 207 157 190 25 1.3 71 194
20140414 279 229 263 33 1.9 79 188
20140415 120 91 142 16 1 61 130
20140416 82 51 113 12 0.7 68 80
20140417 120 91 124 19 1.4 71 101
20140418 183 138 124 17 1.5 65 115
20140419 83 61 84 15 0.8 65 87
20140420 81 60 80 7 0.6 54 99
20140421 67 48 79 7 0.6 56 107
20140422 86 58 101 9 0.6 54 143
20140423 151 116 147 21 0.9 41 145
20140424 151 115 133 19 0.9 47 140
20140425 171 129 190 20 1 69 153
20140426 66 37 82 4 0.4 28 86
20140427 73 51 93 6 0.6 48 127
20140428 84 61 98 8 0.7 49 141
20140429 118 89 143 17 0.9 68 175
20140430 136 103 158 19 1 67 200
20140501 159 121 186 19 0.8 41 161
20140502 48 23 46 3 0.3 21 95
20140503 89 38 127 6 0.4 43 93
20140504 55 26 59 3 0.3 17 87
20140505 51 23 53 4 0.4 36 99
20140506 99 74 124 27 0.9 61 117
20140507 85 63 102 12 0.9 45 103
20140508 99 74 107 16 1 46 157
20140509 83 61 106 33 1.3 52 119
20140510 69 50 87 27 1.2 50 107
20140511 46 24 20 3 0.8 29 92
20140512 77 34 68 7 0.6 44 132
20140513 87 52 124 10 0.7 57 109
20140514 56 17 63 7 0.3 26 94
20140515 115 59 181 7 0.5 61 107
20140516 86 45 121 10 0.6 49 128
20140517 122 56 120 25 1 60 184
20140518 171 77 142 23 0.9 56 236
20140519 145 106 158 15 1 45 210
20140520 105 79 130 9 0.9 46 157
20140521 169 107 168 25 1.5 53 234
20140522 180 136 196 37 1.4 61 202
20140523 140 81 156 20 0.8 55 204
20140524 101 76 80 6 1 46 143
20140525 88 65 114 2 0.7 29 95
20140526 76 22 77 5 0.4 55 131
20140527 97 35 145 4 0.4 42 103
20140528 115 30 87 8 0.6 55 176
20140529 119 42 115 10 0.7 60 181
20140530 205 84 171 37 1.6 53 294
20140531 195 114 215 45 2.1 58 260
20140601 164 44 55 2 0.6 26 229
20140602 93 26 43 2 0.4 26 152
20140603 117 33 61 13 0.6 41 179
20140604 123 53 89 9 0.8 45 185
20140605 143 58 93 11 0.8 41 207
20140606 67 49 71 12 1.1 39 75
20140607 50 9 26 2 0.3 27 100
20140608 63 27 58 7 0.7 54 116
20140609 82 27 53 6 0.6 43 138
20140610 89 67 85 6 1.2 42 115
20140611 71 40 41 3 0.7 32 125
20140612 86 24 56 6 0.5 39 143
20140613 117 48 84 8 0.9 41 179
20140614 159 38 68 3 0.6 38 224
20140615 176 101 145 14 1.2 49 241
20140616 165 126 149 3 1 41 203
20140617 116 88 107 3 0.9 35 170
20140618 115 61 72 4 0.7 36 176
20140619 158 121 132 5 1.2 45 159
20140620 86 44 38 2 0.8 27 143
20140621 95 65 63 5 1 34 154
20140622 89 29 41 2 0.6 31 147
20140623 111 23 44 2 0.5 38 172
20140624 158 49 87 6 0.7 52 223
20140625 134 102 125 10 1.2 48 170
20140626 167 127 51 4 1.1 33 207
20140627 74 19 40 3 0.4 34 129
20140628 67 19 45 5 0.4 42 120
20140629 154 42 84 11 1 52 219
20140630 179 73 120 15 1.2 53 244
20140701 117 89 136 17 1 49 160
20140702 77 55 57 3 0.9 28 132
20140703 240 190 103 5 1.3 40 164
20140704 238 188 128 4 1.3 40 199
20140705 163 124 100 4 1.1 38 188
20140706 252 202 155 8 1.4 36 206
20140707 215 165 185 9 1.2 41 195
20140708 138 106 123 9 0.9 40 154
20140709 60 25 69 6 0.6 55 107
20140710 113 27 80 8 0.5 40 174
20140711 81 28 67 5 0.5 40 137
20140712 78 12 35 2 0.3 31 134
20140713 63 16 52 3 0.4 40 115
20140714 154 26 64 4 0.5 43 219
20140715 140 50 106 7 0.6 28 204
20140716 114 86 111 4 0.8 42 170
20140717 175 132 135 4 1.8 41 139
20140718 188 142 107 7 1.7 38 209
20140719 109 82 102 3 0.8 33 168
20140720 118 67 91 4 0.7 26 180
20140721 83 26 43 5 0.5 24 140
20140722 39 12 37 7 0.5 40 78
20140723 62 26 74 6 0.7 59 84
20140724 82 61 112 6 1 68 110
20140725 133 64 91 7 1.2 43 196
20140726 192 94 135 10 1.2 41 257
20140727 197 107 154 18 1 35 262
20140728 160 122 156 9 0.9 33 218
20140729 165 125 149 5 0.8 28 191
20140730 157 120 68 3 1.4 28 170
20140731 245 195 76 3 1.6 36 209
20140801 200 150 128 3 1.3 35 198
20140802 163 124 132 3 1.1 39 220
20140803 145 111 139 2 1 39 174
20140804 46 31 43 3 0.6 36 92
20140805 81 24 50 5 0.6 37 137
20140806 57 31 64 3 0.6 46 106
20140807 160 62 92 10 1.1 45 225
20140808 138 64 103 8 1.1 45 202
20140809 144 80 123 9 1.1 40 208
20140810 125 32 49 3 0.6 33 187
20140811 80 24 48 3 0.5 40 136
20140812 115 25 58 6 0.6 45 177
20140813 80 26 35 2 0.6 34 136
20140814 103 29 44 4 0.6 39 163
20140815 105 35 69 4 0.6 49 166
20140816 157 55 92 6 0.9 49 222
20140817 125 53 88 5 0.8 32 187
20140818 136 57 84 6 0.8 38 200
20140819 150 84 119 6 1 40 215
20140820 166 104 146 14 1.1 41 231
20140821 167 126 169 9 1.1 49 232
20140822 108 51 80 3 0.8 58 169
20140823 153 107 137 5 1.1 55 218
20140824 93 17 38 4 0.4 27 151
20140825 57 16 42 4 0.4 36 108
20140826 75 23 66 5 0.5 56 130
20140827 135 47 107 8 0.7 59 198
20140828 103 77 119 7 0.9 54 135
20140829 98 74 82 4 1 35 158
20140830 170 129 148 4 1.5 58 115
20140831 86 64 49 2 1 30 137
20140901 125 95 83 3 1.6 45 95
20140902 43 20 15 2 0.8 31 85
20140903 58 15 35 5 0.6 38 110
20140904 98 40 91 5 0.8 61 158
20140905 141 86 138 9 1 51 205
20140906 183 138 161 12 1.4 39 185
20140907 200 150 182 10 1.3 44 168
20140908 73 14 30 4 0.3 24 128
20140909 108 36 83 5 0.6 49 169
20140910 109 63 111 11 1.1 57 170
20140911 109 82 124 16 1.4 64 109
20140912 97 73 54 4 1 51 84
20140913 92 67 96 7 0.8 49 150
20140914 66 42 77 3 0.5 48 119
20140915 48 18 48 5 0.4 36 80
20140916 70 38 91 5 0.6 66 52
20140917 70 51 88 4 0.7 61 57
20140918 84 62 94 4 0.7 59 130
20140919 111 84 119 7 0.9 60 121
20140920 158 120 124 5 1.2 53 162
20140921 131 100 119 15 1.7 46 111
20140922 123 94 108 11 2 59 93
20140923 66 48 22 2 1.1 40 19
20140924 48 34 40 2 0.8 45 78
20140925 140 107 130 3 1.3 53 59
20140926 163 124 103 9 1.6 62 50
20140927 43 30 36 3 0.6 42 81
20140928 78 56 107 8 1.2 67 46
20140929 70 51 77 4 0.9 38 65
20140930 51 24 52 7 0.6 39 41
20141001 89 66 77 4 1 57 24
20141002 74 55 51 4 1 46 39
20141003 118 89 108 4 1.6 52 19
20141004 100 75 48 2 1.1 39 52
20141005 42 30 40 2 0.7 30 67
20141006 50 25 50 3 0.5 47 69
20141007 185 140 181 12 1.3 86 83
20141008 309 259 292 10 2.1 102 54
20141009 381 331 353 6 2.3 92 74
20141010 350 300 269 13 2.4 85 101
20141011 240 190 126 7 1.8 61 68
20141012 28 6 9 3 0.2 22 55
20141013 31 13 31 4 0.3 34 54
20141014 69 43 88 8 0.7 61 57
20141015 75 43 99 4 0.6 44 67
20141016 72 34 94 8 0.6 55 72
20141017 123 94 176 11 1.2 104 58
20141018 202 152 229 17 2 115 115
20141019 293 243 313 12 2.5 119 58
20141020 248 198 212 5 1.6 74 56
20141021 66 34 81 19 1.2 57 30
20141022 95 71 136 11 1.3 75 9
20141023 155 118 176 13 1.5 85 24
20141024 267 217 265 11 2.1 88 69
20141025 341 291 327 6 2.4 87 79
20141026 80 59 62 3 0.7 40 63
20141027 56 25 61 11 0.7 52 40
20141028 81 60 106 12 1 69 33
20141029 138 105 161 13 1.3 89 41
20141030 205 155 194 17 1.7 99 24
20141031 202 152 180 10 2.1 89 14
20141101 78 57 86 6 1.1 49 49
20141102 29 7 25 4 0.3 23 57
20141103 52 24 54 5 0.7 44 69
20141104 124 94 134 16 1.4 70 41
20141105 102 76 98 7 1.2 51 59
20141106 32 9 20 3 0.3 21 63
20141107 59 42 68 13 1.2 48 25
20141108 90 67 85 10 1.4 55 52
20141109 79 58 78 7 1.1 57 55
20141110 91 68 87 9 1.3 67 37
20141111 58 34 67 4 0.7 31 52
20141112 41 5 41 3 0.2 10 68
20141113 45 22 45 7 0.7 47 60
20141114 55 33 60 15 1 57 38
20141115 122 93 137 31 2 84 8
20141116 100 75 109 16 1.6 55 51
20141117 41 22 41 14 0.7 45 51
20141118 76 55 93 28 1.7 69 16
20141119 268 218 285 44 3.3 123 6
20141120 342 292 360 29 3.7 136 8
20141121 237 187 239 21 2.8 111 27
20141122 52 31 54 14 0.8 55 37
20141123 155 118 166 22 2.4 91 9
20141124 100 75 112 16 1.8 72 35
20141125 180 136 178 28 2.5 94 15
20141126 282 232 288 38 3.6 120 6
20141127 97 73 108 12 1.2 57 41
20141128 105 79 147 22 1.6 72 26
20141129 267 217 297 19 3.4 92 6
20141130 146 89 241 9 1.3 40 55
20141201 53 10 57 6 0.5 18 53
20141202 21 12 21 10 0.7 34 38
20141203 57 8 63 6 0.3 14 58
20141204 30 7 29 6 0.3 17 60
20141205 45 25 45 16 0.8 40 49
20141206 79 58 91 33 1.8 69 30
20141207 68 49 77 27 1.5 48 50
20141208 76 55 80 30 1.3 60 37
20141209 267 217 280 65 4.8 108 9
20141210 168 127 216 28 2.5 61 59
20141211 38 20 38 15 0.6 32 56
20141212 41 11 41 8 0.4 22 51
20141213 65 42 80 24 1.1 49 33
20141214 108 82 123 43 2.1 75 25
20141215 86 64 117 27 1.5 44 58
20141216 30 7 30 6 0.3 14 54
20141217 90 67 111 33 1.6 63 52
20141218 190 143 194 79 3.9 93 9
20141219 52 31 54 14 1 33 61
20141220 24 9 17 10 0.5 24 47
20141221 36 15 36 13 0.6 30 48
20141222 93 69 114 39 2.1 74 28
20141223 98 73 110 49 2.4 77 22
20141224 31 12 31 17 0.5 32 57
20141225 43 27 43 22 1 53 53
20141226 150 115 155 58 3 92 15
20141227 240 190 236 70 4.1 125 9
20141228 158 121 186 51 2.8 91 45
20141229 126 96 165 41 2.8 83 42
20141230 55 24 61 22 1 51 41
20141231 46 6 46 7 0.3 12 57
20150101 58 41 67 24 1.1 50 44
20150102 69 51 80 31 1.3 60 38
20150103 197 148 193 67 3.2 101 14
20150104 224 174 225 75 3.7 120 22
20150105 139 107 156 57 2.9 70 67
20150106 51 34 51 22 0.8 40 65
20150107 84 62 89 38 1.8 64 27
20150108 163 124 151 49 3 92 11
20150109 98 73 93 32 1.6 61 55
20150110 195 147 174 55 2.8 94 32
20150111 53 37 55 18 0.9 47 44
20150112 153 117 146 43 2.2 72 25
20150113 206 156 183 54 2.8 92 14
20150114 264 214 251 54 3.1 100 6
20150115 378 328 375 34 4.7 111 6
20150116 146 112 120 9 1.6 42 63
20150117 81 60 71 30 1.2 57 51
20150118 92 68 110 30 1.5 52 69
20150119 62 43 74 25 1.3 59 64
20150120 111 84 108 44 2 74 23
20150121 31 19 23 16 0.6 32 62
20150122 128 98 121 39 2 80 26
20150123 256 206 233 61 3.6 121 13
20150124 126 96 145 33 2 70 26
20150125 178 134 100 16 1.7 61 25
20150126 134 102 106 11 1.7 43 59
20150127 28 17 28 14 0.6 29 56
20150128 52 37 47 21 1 49 41
20150129 85 63 77 22 1.2 41 61
20150130 32 12 21 12 0.5 26 63
20150131 42 30 42 19 0.8 43 49
20150201 102 77 98 41 1.9 67 27
20150202 185 139 156 57 2.5 87 15
20150203 153 117 79 29 1.9 61 69
20150204 36 10 32 9 0.4 20 71
20150205 39 27 35 16 0.7 42 70
20150206 88 65 78 30 1.8 72 45
20150207 37 13 26 10 0.4 22 73
20150208 36 24 32 17 0.6 30 71
20150209 142 109 127 48 1.9 79 40
20150210 161 123 138 47 2.4 94 50
20150211 58 41 56 23 1 44 76
20150212 45 32 42 16 0.8 44 75
20150213 158 121 131 34 2.1 83 49
20150214 286 236 239 55 3.2 109 62
20150215 334 284 308 78 4.4 113 37
20150216 159 121 156 31 2.3 54 69
20150217 41 22 41 10 0.5 28 77
20150218 64 46 57 18 0.7 31 80
20150219 268 218 248 55 1.5 42 60
20150220 183 138 29 9 1.4 38 53
20150221 202 152 172 9 1.6 32 69
20150222 163 42 277 4 0.4 14 73
20150223 82 55 114 21 0.8 34 67
20150224 203 153 213 34 2.1 59 55
20150225 103 77 110 10 1.1 32 80
20150226 39 13 26 6 0.4 18 77
20150227 37 23 37 13 0.7 30 58
20150228 162 123 126 8 1.3 40 33
20150301 70 45 90 12 0.9 39 76
20150302 73 53 82 17 1.4 44 74
20150303 48 8 48 2 0.3 10 76
20150304 41 24 41 12 0.6 31 73
20150305 144 110 129 47 1.6 59 65
20150306 245 195 217 59 2.1 82 57
20150307 281 231 246 41 2.4 83 92
20150308 169 129 148 22 1.4 53 79
20150309 40 7 28 3 0.3 14 79
20150310 45 30 45 13 0.8 39 78
20150311 52 37 52 13 1 46 75
20150312 83 61 79 21 1.2 60 60
20150313 86 64 82 21 1.3 60 80
20150314 127 97 119 40 1.9 83 42
20150315 135 103 198 26 1.7 73 93
20150316 257 207 295 33 2 85 67
20150317 233 183 222 16 1.7 57 102
20150318 69 47 89 12 0.8 50 82
20150319 127 81 203 11 1.1 69 72
20150320 124 44 199 6 0.5 46 98
20150321 77 19 103 4 0.3 28 87
20150322 77 20 104 4 0.3 21 87
20150323 67 34 84 7 0.7 43 89
20150324 102 77 122 29 1.8 68 88
20150325 161 123 158 41 1.8 79 107
20150326 138 105 155 21 1 56 138
20150327 138 83 115 18 0.8 55 128
20150328 163 64 277 8 0.5 33 109
20150329 166 75 282 17 1.1 67 111
20150330 197 148 338 29 1.4 63 129
20150331 202 152 191 21 2.3 54 107
20150401 80 59 78 5 0.7 49 79
20150402 50 35 19 4 0.7 26 88
20150403 62 28 40 4 0.6 27 114
20150404 84 62 75 5 0.6 36 134
20150405 74 53 99 3 0.5 30 104
20150406 38 20 32 2 0.3 14 76
20150407 45 23 39 4 0.3 23 89
20150408 126 96 123 12 0.8 49 99
20150409 212 162 190 17 1.2 59 120
20150410 200 150 186 9 1.1 62 126
20150411 188 141 77 16 1.7 46 130
20150412 44 12 26 2 0.3 12 87
20150413 67 26 39 3 0.4 22 120
20150414 74 54 84 5 0.7 54 114
20150415 168 109 286 14 0.9 70 101
20150416 91 26 132 3 0.2 13 95
20150417 112 67 173 16 0.7 55 100
20150418 182 138 273 27 1.5 89 99
20150419 91 60 133 6 0.6 30 100
20150420 90 67 112 7 0.8 43 127
20150421 90 63 129 8 0.6 44 111
20150422 84 43 100 8 0.6 49 141
20150423 79 54 108 11 0.6 49 115
20150424 103 52 155 7 0.6 47 139
20150425 115 72 158 12 0.8 64 177
20150426 161 98 182 20 1 53 226
20150427 114 81 134 12 0.9 46 175
20150428 78 43 68 5 0.7 39 134
20150429 150 115 136 11 1.3 48 196
20150430 149 114 146 11 1.1 43 209
20150501 165 125 141 13 1.1 45 171
20150502 88 45 68 3 0.6 30 145
20150503 72 40 94 2 0.4 24 113
20150504 66 23 65 4 0.3 20 119
20150505 72 43 94 7 0.5 37 114
20150506 60 19 70 3 0.3 24 100
20150507 89 42 129 6 0.6 37 119
20150508 83 52 115 11 1 37 119
20150509 55 39 52 7 1 33 100
20150510 49 34 35 4 1.3 46 46
20150511 42 24 20 2 0.8 30 84
20150512 54 19 44 2 0.5 41 105
20150513 98 57 133 4 0.8 66 158
20150514 57 20 62 5 0.3 29 108
20150515 67 23 47 3 0.4 26 120
20150516 116 46 96 8 0.7 43 178
20150517 166 126 182 15 1.2 43 165
20150518 75 55 93 3 0.5 33 105
20150519 49 11 49 2 0.3 16 93
20150520 63 16 37 2 0.3 22 116
20150521 91 33 84 6 0.5 43 149
20150522 137 52 89 12 0.8 41 201
20150523 179 95 139 16 1 53 244
20150524 178 115 164 16 1.2 56 243
20150525 203 101 166 24 1.2 47 281
20150526 191 87 149 19 0.9 38 256
20150527 160 92 141 11 0.9 33 225
20150528 151 116 151 23 1.2 36 197
20150529 104 61 94 5 0.8 42 164
20150530 136 54 90 6 0.8 39 200
20150531 153 55 102 15 0.9 44 218
20150601 159 88 166 14 1 46 224
20150602 103 30 63 4 0.5 26 163
20150603 75 32 101 6 0.5 36 128
20150604 70 51 90 7 3.4 55 96
20150605 68 49 52 5 6.8 45 65
20150606 79 25 62 3 5 32 135
20150607 43 14 32 4 2.6 30 86
20150608 69 18 35 4 0.5 35 123
20150609 134 49 87 15 1.1 49 197
20150610 100 75 74 4 1.1 34 154
20150611 48 20 25 3 0.6 21 96
20150612 44 8 22 3 0.4 22 87
20150613 65 11 27 3 0.4 18 118
20150614 98 19 37 3 0.5 29 158
20150615 166 85 121 15 1.2 40 231
20150616 177 104 144 12 1.2 50 242
20150617 126 42 67 3 0.8 36 189
20150618 53 19 32 2 0.5 28 103
20150619 35 14 33 2 0.5 24 70
20150620 103 23 39 2 0.6 37 163
20150621 137 41 73 5 0.6 39 201
20150622 163 90 117 16 1.1 38 228
20150623 231 181 178 15 1.7 39 238
20150624 159 121 123 9 1.1 43 190
20150625 164 125 111 6 1 51 128
20150626 139 106 23 2 0.9 24 200
20150627 120 89 51 4 0.8 32 182
20150628 197 148 57 8 1.2 34 219
20150629 154 118 39 5 1.1 42 178
20150630 52 15 20 2 0.4 27 102
20150701 41 18 38 3 0.4 34 82
20150702 46 8 20 4 0.3 28 92
20150703 116 24 60 11 0.9 34 178
20150704 92 33 59 6 0.7 45 150
20150705 160 62 71 9 1 36 225
20150706 156 69 76 10 1.1 33 221
20150707 160 67 86 7 0.9 32 225
20150708 175 125 132 8 1.1 35 240
20150709 172 72 92 11 0.8 37 237
20150710 145 50 82 9 0.7 32 210
20150711 181 103 126 10 1.1 35 246
20150712 200 108 158 5 0.9 46 267
20150713 176 49 84 3 0.6 43 241
20150714 147 35 65 4 0.6 30 212
20150715 85 34 62 3 0.6 47 142
20150716 54 37 47 2 0.7 29 105
20150717 50 35 43 2 0.8 32 91
20150718 78 47 30 2 0.8 26 134
20150719 89 66 33 2 0.9 32 124
20150720 118 89 144 2 0.9 33 142
20150721 176 133 0 2 1.1 33 151
20150722 110 62 55 2 0.7 35 171
20150723 70 41 54 2 0.8 48 123
20150724 138 50 77 2 0.9 46 201
20150725 158 90 108 3 1 38 223
20150726 151 104 123 4 1 33 216
20150727 130 75 133 3 0.9 33 192
20150728 109 52 76 2 0.8 30 169
20150729 138 86 55 2 0.9 35 201
20150730 75 44 52 2 0.9 28 129
20150731 85 26 41 2 0.7 26 142
20150801 90 67 72 3 1.3 47 100
20150802 102 74 88 2 1.2 27 162
20150803 82 60 33 4 1.1 33 101
20150804 110 21 54 4 0.5 32 171
20150805 127 64 102 3 1 40 189
20150806 119 58 95 2 0.8 31 180
20150807 119 90 0 4 1.1 33 167
20150808 110 40 72 3 0.7 34 171
20150809 152 53 85 3 0.8 37 217
20150810 112 42 80 2 0.7 38 173
20150811 175 91 128 6 1.4 36 240
20150812 161 81 129 4 1 36 226
20150813 202 120 160 7 1.3 41 275
20150814 119 58 95 4 0.8 35 180
20150815 80 22 54 3 0.6 36 135
20150816 201 38 89 6 0.7 40 270
20150817 145 80 161 8 1 40 209
20150818 90 48 82 3 0.8 34 147
20150819 97 51 65 2 0.8 38 156
20150820 100 33 51 2 0.6 26 160
20150821 94 14 37 2 0.4 25 152
20150822 56 17 38 4 0.6 20 107
20150823 53 21 33 4 0.8 23 103
20150824 55 13 28 2 0.5 22 106
20150825 50 14 27 2 0.5 23 99
20150826 61 12 27 2 0.4 23 113
20150827 60 12 26 2 0.4 25 111
20150828 70 16 38 3 0.5 24 124
20150829 118 28 48 2 0.6 21 179
20150830 74 28 32 2 0.9 25 128
20150831 37 25 29 2 0.7 25 73
20150901 34 11 20 2 0.5 20 67
20150902 44 10 19 2 0.4 20 87
20150903 74 15 30 2 0.5 19 128
20150904 64 46 0 3 1.5 26 101
20150905 44 18 20 2 0.7 23 88
20150906 63 17 34 2 0.5 30 115
20150907 84 25 44 3 0.7 38 140
20150908 104 52 82 6 0.9 53 164
20150909 50 32 50 3 0.7 40 94
20150910 37 8 14 2 0.4 29 41
20150911 35 9 16 2 0.4 26 69
20150912 34 9 24 2 0.4 27 68
20150913 57 20 51 3 0.6 45 105
20150914 89 66 105 10 0.9 58 145
20150915 140 105 134 13 1.2 62 204
20150916 169 128 152 8 1.2 62 180
20150917 201 151 166 10 1.3 69 181
20150918 102 76 77 3 0.9 49 110
20150919 69 23 51 3 0.6 55 95
20150920 114 86 112 9 1 51 146
20150921 133 101 134 17 1.3 67 176
20150922 179 135 0 10 1.5 60 108
20150923 57 32 60 2 0.7 45 98
20150924 124 94 102 4 1.2 53 121
20150925 49 22 44 3 0.6 39 82
20150926 74 34 72 7 0.7 48 128
20150927 73 48 85 3 0.7 58 113
20150928 68 49 62 4 1.3 46 59
20150929 62 44 0 3 1.1 45 20
20150930 48 30 0 3 0.7 38 48
20151001 33 14 29 2 0.3 25 65
20151002 59 30 68 3 0.6 47 88
20151003 62 28 69 4 0.7 49 85
20151004 149 114 155 10 1.3 77 125
20151005 272 222 244 9 1.7 80 180
20151006 343 293 327 7 2 84 200
20151007 310 260 83 8 1.8 76 128
20151008 35 11 28 2 0.3 23 70
20151009 39 16 39 3 0.4 29 64
20151010 27 8 23 2 0.3 17 54
20151011 37 10 25 2 0.3 21 73
20151012 60 18 47 3 0.5 48 70
20151013 84 35 73 6 0.8 67 68
20151014 135 103 147 16 2 96 66
20151015 143 109 147 9 1.4 91 123
20151016 253 203 236 13 2.1 111 159
20151017 344 294 0 13 2.5 119 97
20151018 64 46 68 7 0.8 41 50
20151019 78 57 103 6 0.9 61 46
20151020 99 74 113 9 1.4 65 15
20151021 70 51 77 2 0.9 41 28
20151022 54 29 49 2 0.7 43 25
20151023 74 54 77 3 0.9 53 45
20151024 75 55 76 6 1 53 51
20151025 74 37 84 10 0.9 59 23
20151026 63 28 75 2 0.5 29 51
20151027 48 15 48 3 0.5 37 52
20151028 30 8 20 3 0.3 24 57
20151029 30 7 22 3 0.3 20 59
20151030 58 25 52 4 0.7 46 44
20151031 73 43 70 5 0.8 58 42
20151101 98 72 106 7 1 78 39
20151102 102 76 116 8 1.4 78 44
20151103 199 149 181 16 1.9 90 63
20151104 260 210 0 15 2 108 29
20151105 144 110 0 6 1 53 26
20151106 37 20 9 2 0.5 29 38
20151107 37 19 0 2 0.5 29 41
20151108 82 60 89 3 0.9 46 37
20151109 163 124 0 4 1.6 56 7
20151110 175 132 0 4 1.6 55 5
20151111 137 104 0 4 1.9 55 11
20151112 205 155 136 6 2.5 60 3
20151113 258 208 188 15 3.1 70 4
20151114 324 274 298 17 3.6 83 11
20151115 246 196 0 13 3.2 70 31
20151116 79 58 85 10 1.5 52 18
20151117 82 60 86 7 1.5 45 21
20151118 92 68 90 7 1.1 45 9
20151119 102 76 0 4 1.7 45 2
20151120 88 65 0 9 2.3 43 3
20151121 60 43 0 7 2.1 41 4
20151122 69 50 0 7 1 39 33
20151123 39 27 37 10 0.7 28 51
20151124 65 45 0 8 1.1 52 41
20151125 69 50 22 9 1.1 37 52
20151126 55 38 60 11 0.9 37 56
20151127 264 214 245 36 2.9 93 15
20151128 308 258 254 44 4 102 13
20151129 302 252 0 38 4.9 108 21
20151130 450 343 550 24 6 124 11
20151201 476 464 454 35 7.9 133 9
20151202 24 7 22 3 0.3 16 47
20151203 33 10 33 5 0.4 16 47
20151204 54 31 58 12 0.9 43 46
20151205 77 49 85 17 1.4 61 40
20151206 175 132 162 32 2.8 88 11
20151207 230 180 199 36 3.5 93 9
20151208 295 245 246 20 4.3 92 7
20151209 294 244 10 32 3.6 94 9
20151210 127 96 47 15 1.8 52 55
20151211 75 48 86 15 1.4 60 35
20151212 172 130 174 23 2.8 86 12
20151213 229 179 219 39 3.9 98 12
20151214 207 157 27 16 2.7 75 44
20151215 28 7 13 3 0.4 16 56
20151216 23 8 14 4 0.5 18 45
20151217 84 62 91 18 1.6 62 26
20151218 80 58 85 18 1.8 64 35
20151219 168 127 155 29 3 87 12
20151220 249 199 194 27 3.6 101 10
20151221 280 230 284 23 4.1 104 12
20151222 347 297 427 29 5.3 103 10
20151223 305 255 298 21 4.7 104 32
20151224 209 159 275 18 2.7 80 40
20151225 485 477 510 12 7.3 141 13
20151226 315 265 381 9 4.9 102 10
20151227 75 49 100 13 1.2 53 24
20151228 149 114 175 23 2.3 79 16
20151229 329 279 338 34 4.4 119 9
20151230 104 78 39 11 1.5 54 56
20151231 90 66 128 16 1.8 72 25
20160101 226 176 199 33 3.4 106 12
20160102 316 266 299 35 4.6 124 16
20160103 297 247 296 20 3.5 83 22
20160104 53 37 23 6 0.9 33 59
20160105 63 34 76 11 0.9 38 50
20160106 44 25 40 10 0.9 35 54
20160107 35 13 22 6 0.6 28 54
20160108 54 35 55 13 0.9 43 51
20160109 102 76 102 23 1.9 74 26
20160110 69 46 61 20 1.5 55 35
20160111 32 11 22 6 0.6 25 59
20160112 38 14 27 8 0.7 30 55
20160113 62 26 48 14 1 49 47
20160114 98 73 98 27 1.9 73 40
20160115 132 100 127 33 2.6 84 25
20160116 162 123 137 44 2.5 71 15
20160117 53 37 25 9 0.8 29 68
20160118 45 10 45 4 0.5 18 62
20160119 84 62 90 23 1.7 62 39
20160120 153 117 141 56 3.4 78 11
20160121 173 131 130 28 2.7 68 12
20160122 33 13 33 4 0.6 16 65
20160123 47 9 47 4 0.6 12 63
20160124 47 13 47 6 0.6 24 60
20160125 54 28 48 17 0.8 43 50
20160126 56 35 62 18 0.8 37 58
20160127 129 98 112 38 2.2 79 27
20160128 159 121 139 44 2.3 80 37
20160129 84 62 80 36 1.8 55 28
20160130 69 50 65 21 1.3 48 40
20160131 38 18 26 10 0.6 30 66
20160201 40 13 24 9 0.6 32 68
20160202 62 29 40 16 0.9 49 55
20160203 69 35 48 19 1.2 55 43
20160204 36 13 24 8 0.5 23 71
20160205 38 10 32 6 0.4 16 76
20160206 45 31 45 14 0.8 36 70
20160207 69 50 85 23 0.9 38 74
20160208 238 188 263 53 1 37 74
20160209 60 43 53 20 1.1 41 82
20160210 128 97 115 50 2.5 65 50
20160211 202 152 168 42 3 68 26
20160212 192 144 100 18 2.2 54 41
20160213 34 9 14 5 0.3 12 68
20160214 36 7 16 3 0.4 11 72
20160215 46 7 46 4 0.3 14 71
20160216 38 8 36 5 0.3 18 76
20160217 64 46 44 16 1.1 48 73
20160218 42 14 32 5 0.4 22 83
20160219 40 15 33 5 0.5 26 79
20160220 40 16 24 6 0.5 22 79
20160221 108 81 107 26 1.5 57 55
20160222 92 68 74 16 1.1 40 80
20160223 41 11 18 5 0.4 17 81
20160224 49 26 49 9 0.7 35 70
20160225 45 25 44 10 0.7 36 61
20160226 55 36 60 14 0.8 40 69
20160227 45 22 35 9 0.6 36 71
20160228 48 31 48 7 0.8 33 79
20160229 53 35 47 12 0.7 42 70
20160301 158 120 136 30 1.9 85 50
20160302 212 162 190 32 2.5 110 62
20160303 333 283 283 46 3.5 119 50
20160304 365 315 414 47 4.3 113 22
20160305 170 58 290 3 0.4 23 78
20160306 116 73 182 28 1.6 68 41
20160307 70 34 89 10 0.9 33 84
20160308 39 10 25 3 0.4 16 77
20160309 37 10 26 4 0.4 16 73
20160310 49 11 49 4 0.4 18 75
20160311 51 24 52 8 0.6 36 76
20160312 144 110 138 40 1.8 82 44
20160313 48 30 48 9 0.6 32 92
20160314 103 77 118 21 1.3 64 72
20160315 190 143 198 47 1.6 79 56
20160316 300 250 261 38 2.2 89 120
20160317 338 288 298 31 2.3 103 106
20160318 227 177 55 12 1.4 64 112
20160319 88 65 113 17 1 44 76
20160320 89 66 113 10 1 62 86
20160321 163 124 179 21 1.2 80 116
20160322 138 105 207 25 1.4 75 68
20160323 43 16 37 4 0.5 26 85
20160324 44 13 24 3 0.4 31 87
20160325 48 17 38 4 0.5 38 89
20160326 45 12 29 4 0.4 27 90
20160327 47 17 47 4 0.4 35 92
20160328 123 70 195 16 0.8 66 77
20160329 62 19 74 5 0.4 33 96
20160330 63 30 76 9 0.6 42 93
20160331 199 149 239 33 1.4 73 118
20160401 93 35 135 6 0.4 26 95
20160402 43 9 28 3 0.2 16 86
20160403 52 20 54 3 0.3 26 93
20160404 103 77 114 12 0.6 48 121
20160405 148 113 146 19 1 52 142
20160406 192 144 182 30 2 71 96
20160407 108 81 112 4 1 43 90
20160408 71 25 92 5 0.4 32 97
20160409 148 73 245 11 0.7 55 95
20160410 121 54 192 13 0.8 43 95
20160411 77 41 103 9 0.6 42 89
20160412 105 79 104 6 0.8 58 76
20160413 158 120 134 7 1 64 104
20160414 76 32 101 4 0.3 28 108
20160415 80 59 107 16 1 58 91
20160416 0 0 0 0 0 0 0
20160417 46 16 35 2 0.3 16 91
20160418 50 19 39 3 0.3 25 100
20160419 98 73 104 20 1.3 65 64
20160420 92 68 102 8 0.9 44 121
20160421 127 96 165 7 0.9 58 124
20160422 74 33 97 2 0.3 23 108
20160423 54 23 58 4 0.3 30 97
20160424 113 85 149 22 0.9 53 152
20160425 119 90 141 14 0.7 34 172
20160426 95 71 124 26 1.4 44 141
20160427 120 91 134 9 1.1 62 115
20160428 122 81 100 7 1 49 184
20160429 168 127 160 17 1.4 65 185
20160430 209 159 168 10 1.4 58 232
20160501 234 184 166 26 2.3 43 236
20160502 82 50 103 2 0.5 20 138
20160503 60 23 70 2 0.4 29 101
20160504 68 29 59 4 0.5 49 121
20160505 102 62 153 14 0.9 43 129
20160506 116 57 182 2 0.2 13 100
20160507 74 23 55 3 0.3 29 128
20160508 97 60 103 15 0.7 44 156
20160509 64 36 64 4 0.5 39 116
20160510 100 43 76 4 0.5 36 160
20160511 200 150 166 12 1.1 36 177
20160512 62 34 45 3 0.5 28 114
20160513 73 32 60 6 0.6 43 127
20160514 58 41 33 3 0.5 35 84
20160515 49 34 33 2 0.5 36 87
20160516 75 24 59 3 0.5 43 129
20160517 162 58 104 11 0.6 52 227
20160518 134 61 101 9 0.5 35 197
20160519 184 86 118 15 0.8 38 249
20160520 171 88 110 20 1.1 49 236
20160521 150 68 83 18 0.8 47 215
20160522 142 49 87 8 0.7 51 206
20160523 95 61 106 14 0.9 45 153
20160524 75 19 44 3 0.4 28 129
20160525 66 13 31 3 0.3 25 119
20160526 63 22 61 2 0.3 31 115
20160527 122 48 104 12 0.6 50 184
20160528 138 48 87 10 0.7 38 201
20160529 95 33 76 5 0.5 30 153
20160530 204 82 147 16 1.1 51 283
20160531 138 45 115 11 0.8 36 201
20160601 108 37 73 6 0.7 42 168
20160602 156 53 88 9 0.8 51 221
20160603 160 82 125 21 1.2 61 225
20160604 179 87 127 16 0.9 38 244
20160605 161 71 98 14 0.9 38 226
20160606 189 87 119 7 0.9 32 254
20160607 127 60 0 2 0.8 25 189
20160608 170 129 129 3 1.2 36 223
20160609 153 106 140 7 1 33 218
20160610 123 52 32 2 0.6 20 185
20160611 64 12 30 2 0.4 25 116
20160612 146 71 100 7 1 33 210
20160613 96 47 0 2 0.6 28 155
20160614 50 35 44 2 0.6 26 95
20160615 92 19 40 2 0.5 30 150
20160616 90 26 59 2 0.6 47 148
20160617 59 24 56 2 0.6 47 103
20160618 145 42 72 4 0.7 44 209
20160619 149 65 98 5 0.8 39 213
20160620 166 85 101 5 1 28 231
20160621 175 85 89 2 0.9 30 240
20160622 150 56 85 2 0.7 32 214
20160623 117 76 102 6 1.1 38 178
20160624 70 13 30 2 0.6 30 123
20160625 59 18 38 2 0.4 32 110
20160626 140 41 77 5 0.5 42 203
20160627 98 60 88 7 0.7 39 157
20160628 98 73 0 2 0.7 32 118
20160629 145 111 0 2 0.9 33 166
20160630 130 60 57 2 0.7 33 192
20160701 82 14 32 2 0.4 25 138
20160702 119 47 71 3 0.7 38 180
20160703 137 83 108 8 1 43 200
20160704 173 131 110 5 1.2 32 216
20160705 161 96 104 5 1 30 226
20160706 155 74 106 5 0.9 35 220
20160707 177 110 125 8 1.2 33 242
20160708 146 91 104 5 1.2 34 210
20160709 143 83 93 4 0.8 32 207
20160710 137 91 86 4 0.8 28 200
20160711 129 86 98 7 0.7 29 191
20160712 52 29 54 4 0.6 29 94
20160713 112 20 43 3 0.5 32 173
20160714 80 35 0 4 0.8 42 135
20160715 52 36 40 2 0.7 30 77
20160716 54 38 53 3 0.8 40 82
20160717 154 79 97 3 1.1 42 219
20160718 139 106 130 4 1.3 52 137
20160719 133 101 0 2 1.3 44 53
20160720 48 33 7 2 0.7 18 57
20160721 40 28 39 2 0.8 27 53
20160722 100 75 81 2 1.1 32 154
20160723 158 120 174 2 1.2 34 180
20160724 131 73 118 3 0.9 34 194
20160725 57 40 38 3 0.8 29 108
20160726 93 21 48 3 0.6 24 151
20160727 168 47 0 2 0.7 35 233
20160728 128 50 81 2 0.7 31 190
20160729 158 120 139 2 1.3 30 217
20160730 170 129 48 2 1.6 32 87
20160731 77 56 82 2 1 32 102
20160801 109 71 100 3 1.3 30 169
20160802 96 49 58 2 1 31 155
20160803 153 59 80 3 1 35 218
20160804 155 101 114 2 1.4 33 220
20160805 103 66 88 3 0.8 29 163
20160806 129 98 96 2 1 32 162
20160807 69 20 34 2 0.6 19 122
20160808 95 32 48 3 0.8 26 154
20160809 135 46 70 6 1.2 37 198
20160810 112 84 97 3 0.9 27 158
20160811 114 86 100 3 0.9 29 156
20160812 79 58 73 4 0.9 38 72
20160813 50 22 35 3 0.7 40 45
20160814 104 22 48 3 0.6 38 164
20160815 45 20 42 2 0.6 29 89
20160816 96 24 41 2 0.6 32 155
20160817 87 64 0 3 1 58 47
20160818 99 74 0 2 1.6 42 43
20160819 67 19 42 2 0.9 25 120
20160820 134 54 70 2 1 38 197
20160821 179 54 74 3 1 40 244
20160822 103 50 66 4 0.9 32 163
20160823 95 71 91 6 0.9 42 135
20160824 109 82 110 3 1.1 48 133
20160825 34 17 23 2 0.4 24 67
20160826 45 11 29 2 0.4 33 90
20160827 48 15 39 3 0.4 38 81
20160828 46 12 32 2 0.3 34 92
20160829 66 19 47 3 0.5 45 119
20160830 109 30 65 3 0.6 48 169
20160831 50 16 37 3 0.5 40 88
20160901 39 8 31 3 0.3 31 72
20160902 39 12 34 2 0.4 31 56
20160903 86 21 45 2 0.5 35 143
20160904 106 79 0 5 1 44 166
20160905 54 28 58 2 0.5 33 94
20160906 0 0 0 0 0 0 0
20160907 87 40 65 5 0.7 41 144
20160908 55 23 46 2 0.6 44 105
20160909 53 18 39 3 0.5 42 68
20160910 54 17 44 3 0.5 43 92
20160911 65 32 48 2 0.8 29 117
20160912 72 34 51 2 0.8 38 126
20160913 118 89 98 3 1.1 53 137
20160914 130 99 102 4 1.1 50 174
20160915 111 79 100 4 0.9 42 172
20160916 172 130 125 4 1.1 39 187
20160917 57 40 0 2 0.8 37 49
20160918 42 23 22 2 0.6 33 18
20160919 44 12 29 2 0.4 35 74
20160920 59 21 44 3 0.5 47 95
20160921 97 68 117 5 1 77 44
20160922 137 104 129 7 1.1 59 113
20160923 168 127 172 3 1.2 49 182
20160924 156 119 203 4 1.1 54 174
20160925 211 161 193 4 1.5 49 96
20160926 80 59 109 2 1.2 46 61
20160927 33 23 29 2 0.6 24 59
20160928 50 16 38 3 0.4 40 58
20160929 75 53 90 5 0.7 60 95
20160930 135 103 138 7 0.9 76 145
20161001 220 170 202 11 1.3 86 118
20161002 233 183 201 6 1.4 72 132
20161003 159 121 140 3 1.1 58 132
20161004 47 31 44 3 1.1 37 34
20161005 83 61 91 2 1.2 42 57
20161006 95 71 0 4 1.6 48 11
20161007 55 39 17 2 1.6 43 15
20161008 33 13 29 2 0.5 26 60
20161009 67 33 64 4 0.7 53 33
20161010 122 92 127 10 1.2 79 31
20161011 149 114 130 8 1.4 65 62
20161012 107 80 102 6 1.2 64 51
20161013 206 156 189 5 1.6 75 78
20161014 292 242 258 6 2 93 73
20161015 236 186 226 4 1.9 88 4
20161016 153 117 137 3 1 58 55
20161017 85 63 101 2 0.9 53 61
20161018 160 122 158 6 1.8 72 10
20161019 278 228 228 5 2.3 83 38
20161020 115 87 0 6 1.4 54 27
20161021 60 43 0 2 0.8 39 33
20161022 38 15 25 2 0.6 30 36
20161023 55 28 52 4 0.6 44 38
20161024 87 64 113 3 1.2 58 4
20161025 133 101 135 3 1.5 74 8
20161026 69 42 88 4 0.8 50 46
20161027 63 30 66 5 1 50 11
20161028 38 11 29 2 0.4 30 58
20161029 59 26 62 4 0.6 47 42
20161030 66 44 81 5 0.8 42 54
20161031 29 9 25 4 0.3 19 57
20161101 69 45 74 9 0.7 55 37
20161102 140 107 149 10 1.5 82 23
20161103 243 193 241 9 2.6 104 11
20161104 292 242 271 6 3.4 119 12
20161105 230 180 203 5 3.1 95 36
20161106 95 71 97 10 1.2 56 40
20161107 53 37 43 3 0.8 39 50
20161108 67 39 71 7 0.8 53 36
20161109 208 158 194 14 2.5 86 5
20161110 199 149 178 8 1.8 70 15
20161111 110 83 124 7 1.7 65 16
20161112 100 75 124 10 1.5 66 28
20161113 132 100 165 11 2.3 72 4
20161114 62 39 73 4 0.9 35 61
20161115 79 45 84 13 1.5 63 23
20161116 132 100 147 16 2.2 80 21
20161117 149 114 165 22 2.5 70 6
20161118 242 192 280 19 3.7 87 3
20161119 165 125 133 9 1.8 65 49
20161120 70 51 0 4 1.1 41 25
20161121 30 10 21 3 0.4 15 60
20161122 28 8 21 4 0.4 21 55
20161123 44 19 33 8 0.6 35 43
20161124 102 76 107 18 1.5 70 25
20161125 214 164 205 24 2.6 97 8
20161126 315 265 361 22 3.5 117 13
20161127 68 49 80 7 0.9 45 58
20161128 97 63 101 18 1.7 77 16
20161129 129 98 146 26 2.6 81 4
20161130 117 88 128 15 2.1 67 53
20161201 60 33 56 9 0.8 48 57
20161202 129 98 131 19 2.1 85 17
20161203 259 209 272 24 3.4 113 10
20161204 302 252 284 18 3.6 104 17
20161205 60 43 50 8 1 43 61
20161206 112 84 128 21 2.3 92 11
20161207 170 129 169 23 2.7 100 15
20161208 114 86 119 11 1.7 53 66
20161209 54 25 45 9 0.8 43 48
20161210 80 49 74 14 1.4 64 24
20161211 219 169 204 35 3.5 101 8
20161212 271 221 240 39 3 103 15
20161213 68 49 32 9 1.2 50 43
20161214 58 28 51 11 0.8 46 43
20161215 54 27 53 10 0.9 43 59
20161216 149 114 149 22 2.2 92 14
20161217 246 196 224 32 3.3 104 11
20161218 271 221 239 25 3.5 102 14
20161219 273 223 253 22 4.1 111 14
20161220 418 376 415 8 8 135 6
20161221 431 396 415 12 8 155 9
20161222 79 58 57 6 1.3 35 59
20161223 62 34 65 9 0.8 49 39
20161224 160 122 152 26 2.7 90 10
20161225 195 146 168 30 2.8 96 5
20161226 59 41 45 15 0.9 47 50
20161227 59 42 63 9 0.9 45 51
20161228 87 64 64 10 1.1 42 45
20161229 88 65 94 12 1.1 53 31
20161230 262 212 255 19 3.3 100 8
20161231 351 301 356 21 4.6 129 8
20170101 470 454 516 8 6.7 141 6
20170102 248 198 332 13 3.8 102 38
20170103 348 298 386 17 5.9 144 17
20170104 389 339 435 18 7.4 150 13
20170105 270 220 303 16 5.3 109 11
20170106 248 198 199 25 4.3 108 14
20170107 216 166 171 18 3.3 82 10
20170108 54 34 58 10 0.9 34 55
20170109 62 36 74 7 0.8 39 49
20170110 45 25 45 8 0.7 36 61
20170111 94 57 83 19 1.6 75 18
20170112 62 41 61 12 0.9 49 48
20170113 34 8 22 5 0.4 22 68
20170114 57 20 42 11 0.9 45 50
20170115 73 53 71 11 1 50 31
20170116 123 93 106 18 1.7 67 8
20170117 178 134 153 21 2.1 73 19
20170118 64 38 60 10 0.8 51 38
20170119 69 44 87 14 1.2 37 67
20170120 45 25 41 9 0.8 36 59
20170121 46 24 46 9 0.7 29 72
20170122 53 25 37 12 0.8 42 50
20170123 62 36 51 14 1 49 44
20170124 118 89 107 29 2.1 76 28
20170125 228 178 185 39 3.3 94 29
20170126 202 152 113 26 2.5 61 70
20170127 104 78 133 25 0.8 31 76
20170128 395 345 423 84 2.7 71 26
20170129 56 30 61 9 0.6 15 71
20170130 43 29 43 11 0.6 22 72
20170131 102 76 82 27 1.3 42 60
20170201 55 38 59 16 0.6 28 67
20170202 108 81 105 30 1.6 63 50
20170203 216 166 196 45 2.7 87 49
20170204 295 245 300 49 3.2 93 55
20170205 43 12 18 7 0.5 25 85
20170206 38 15 28 8 0.5 30 70
20170207 107 80 98 21 1.6 62 37
20170208 42 29 41 7 0.7 25 80
20170209 41 7 22 3 0.3 12 81
20170210 43 7 23 3 0.3 17 85
20170211 73 53 73 21 0.9 49 75
20170212 140 107 138 42 2.4 81 41
20170213 113 85 118 25 2.1 70 67
20170214 233 183 184 31 2.9 99 19
20170215 282 232 185 38 3.2 110 46
20170216 129 98 41 18 1.3 52 68
20170217 49 24 49 8 0.6 32 78
20170218 117 88 124 27 1.7 77 50
20170219 124 94 138 23 1.4 59 84
20170220 37 12 34 5 0.5 27 74
20170221 83 61 90 15 1.3 58 33
20170222 100 75 38 7 1 40 71
20170223 43 19 34 7 0.6 34 77
20170224 58 25 39 9 0.8 46 75
20170225 43 11 23 6 0.5 32 85
20170226 68 29 49 10 0.8 54 71
20170227 99 66 96 17 1.4 79 52
20170228 43 14 29 6 0.5 34 86
20170301 47 8 41 3 0.3 13 93
20170302 68 40 80 13 0.9 54 68
20170303 109 82 142 23 1.4 68 59
20170304 115 87 111 26 1.6 74 81
20170305 42 12 33 4 0.4 19 84
20170306 45 16 45 6 0.6 34 80
20170307 40 7 24 3 0.3 15 80
20170308 45 10 30 3 0.4 24 90
20170309 49 13 35 4 0.5 39 82
20170310 80 34 66 12 0.8 64 85
20170311 66 44 81 15 0.8 48 87
20170312 44 7 28 3 0.3 13 87
20170313 44 11 30 5 0.4 32 87
20170314 54 21 52 8 0.6 43 85
20170315 88 65 97 22 1.1 69 76
20170316 148 113 156 25 1.3 87 80
20170317 163 124 167 19 1.1 71 77
20170318 195 146 179 16 1.2 68 135
20170319 272 222 248 33 2 81 145
20170320 180 136 196 19 1.4 73 60
20170321 115 87 122 7 0.8 47 98
20170322 179 135 174 19 1.3 80 74
20170323 159 121 116 6 1.6 59 54
20170324 82 60 0 2 1 49 49
20170325 49 34 29 3 0.8 35 83
20170326 45 12 28 3 0.3 23 90
20170327 45 17 37 3 0.4 35 90
20170328 82 60 95 9 0.6 51 101
20170329 148 113 140 11 0.9 64 106
20170330 114 86 134 16 1.2 56 82
20170331 48 20 48 4 0.4 34 89
20170401 69 31 78 7 0.6 55 86
20170402 93 68 113 14 1.1 74 96
20170403 165 125 172 21 1.2 78 154
20170404 163 124 149 19 1.1 60 100
20170405 83 61 76 5 0.6 29 128
20170406 129 98 134 6 0.9 45 125
20170407 102 76 123 8 0.8 48 74
20170408 104 78 138 7 1 63 60
20170409 87 64 104 7 0.9 47 95
20170410 89 66 120 9 0.7 59 91
20170411 59 27 68 4 0.4 34 95
20170412 71 29 92 5 0.6 52 93
20170413 92 54 134 14 1.1 66 76
20170414 93 59 136 6 0.9 67 98
20170415 71 36 92 5 0.5 52 117
20170416 128 97 178 17 1 72 107
20170417 162 123 219 8 0.9 56 94
20170418 66 24 82 2 0.3 22 97
20170419 89 44 119 7 0.8 71 35
20170420 70 37 90 3 0.7 44 89
20170421 57 19 63 2 0.3 23 102
20170422 87 45 124 8 0.5 44 120
20170423 63 24 76 4 0.4 24 113
20170424 67 34 84 5 0.5 31 111
20170425 41 13 41 3 0.3 26 76
20170426 52 14 41 3 0.3 30 102
20170427 55 15 50 2 0.3 35 105
20170428 63 23 68 3 0.4 39 115
20170429 79 40 107 3 0.4 43 124
20170430 108 50 165 5 0.5 44 136
20170501 81 39 111 8 0.7 46 121
20170502 129 61 134 10 1 53 191
20170503 93 69 118 9 0.8 47 118
20170504 500 359 820 2 0.3 23 100
20170505 411 172 511 4 0.3 24 89
20170506 74 33 97 3 0.4 37 112
20170507 82 28 78 5 0.4 41 138
20170508 102 56 114 8 0.6 55 162
20170509 100 44 97 7 0.5 26 160
20170510 79 39 75 4 0.5 32 134
20170511 92 30 134 3 0.3 32 98
20170512 109 45 168 5 0.4 26 142
20170513 63 19 76 2 0.3 18 90
20170514 68 12 38 2 0.3 16 121
20170515 80 22 65 7 0.6 26 136
20170516 127 43 91 10 0.6 31 189
20170517 184 63 121 9 0.7 37 249
20170518 201 81 147 11 0.8 51 270
20170519 185 82 153 9 0.8 40 250
20170520 169 57 128 9 0.7 38 234
20170521 113 56 93 15 0.9 27 174
20170522 54 37 58 7 1.1 37 52
20170523 70 19 40 3 0.4 36 123
20170524 82 17 55 4 0.4 46 138
20170525 100 21 84 6 0.6 39 160
20170526 149 46 98 9 0.6 51 213
20170527 191 69 121 21 1.3 47 256
20170528 187 88 140 17 1.4 36 252
20170529 70 28 89 8 0.7 26 108
20170530 99 42 72 3 0.7 39 158
20170531 140 65 106 4 0.8 45 203
20170601 120 23 58 5 0.6 30 181
20170602 56 22 62 11 1 38 69
20170603 81 29 58 5 0.7 38 137
20170604 138 48 93 11 0.6 51 201
20170605 146 65 117 16 0.9 61 210
20170606 53 37 50 2 0.5 25 94
20170607 93 47 57 3 0.6 32 151
20170608 72 25 56 3 0.6 57 116
20170609 145 29 91 5 0.6 51 209
20170610 80 21 70 11 0.8 34 136
20170611 120 33 86 7 0.7 49 181
20170612 87 35 80 17 1.1 45 144
20170613 90 41 68 5 0.8 44 147
20170614 120 37 65 3 0.7 48 182
20170615 156 38 94 3 0.7 56 221
20170616 158 59 129 7 0.6 41 223
20170617 199 82 159 11 0.9 36 264
20170618 187 70 130 11 0.8 31 252
20170619 151 37 74 3 0.6 27 216
20170620 155 31 64 4 0.6 27 220
20170621 156 48 99 8 0.9 28 221
20170622 52 33 0 2 0.8 25 102
20170623 51 19 0 2 0.7 20 101
20170624 65 21 40 3 0.5 23 117
20170625 103 26 46 2 0.5 33 163
20170626 131 24 49 2 0.5 39 194
20170627 198 70 104 7 0.8 40 263
20170628 183 97 129 8 1.2 43 248
20170629 138 56 89 6 0.8 31 201
20170630 194 71 114 3 0.8 39 259
20170701 191 90 137 5 1 42 256
20170702 181 88 111 7 1 33 246
20170703 120 60 78 3 0.8 30 182
20170704 94 47 63 3 0.8 39 152
20170705 134 80 87 3 1 37 197
20170706 94 70 82 4 1.4 32 92
20170707 113 32 55 3 0.7 20 174
20170708 156 42 72 2 0.7 31 221
20170709 169 73 101 3 1 29 234
20170710 132 25 57 2 0.5 34 195
20170711 205 48 94 4 0.8 44 288
20170712 186 73 131 4 0.9 39 251
20170713 130 61 93 4 0.8 23 193
20170714 125 34 71 3 0.7 34 187
20170715 94 36 53 2 0.9 27 152
20170716 169 67 88 3 1.2 34 234
20170717 118 54 71 3 1 29 179
20170718 87 60 92 3 0.9 27 144
20170719 107 74 86 2 0.8 25 167
20170720 128 97 115 2 0.8 31 170
20170721 50 22 26 2 0.7 27 99
20170722 40 23 40 2 0.6 31 76
20170723 62 44 64 2 0.7 39 104
20170724 57 40 55 2 0.8 41 44
20170725 80 32 53 4 0.8 34 135
20170726 42 23 41 2 0.7 32 84
20170727 62 41 67 3 0.9 49 106
20170728 69 28 61 2 0.7 44 122
20170729 90 32 61 2 0.7 39 147
20170730 125 38 68 3 0.7 36 187
20170731 194 80 105 2 1 36 259
20170801 89 66 82 2 0.9 30 143
20170802 55 33 59 4 1.1 25 89
20170803 90 22 62 2 0.6 20 148
20170804 107 21 45 3 0.6 38 167
20170805 131 27 58 3 0.6 34 194
20170806 78 17 37 2 0.5 31 133
20170807 88 11 37 2 0.4 31 145
20170808 155 29 70 3 0.7 39 220
20170809 98 24 43 2 0.6 27 157
20170810 123 64 91 2 0.8 33 185
20170811 117 88 129 2 1.1 38 135
20170812 48 32 39 2 0.8 38 83
20170813 57 40 51 2 0.9 37 96
20170814 91 28 43 2 0.8 27 149
20170815 103 55 78 5 0.9 32 163
20170816 80 55 67 2 0.9 37 136
20170817 90 22 40 2 0.7 28 148
20170818 73 53 76 3 1.2 55 119
20170819 70 42 54 2 1 33 123
20170820 95 60 73 3 1.2 38 153
20170821 130 72 98 2 1 39 193
20170822 97 72 0 2 0.9 35 94
20170823 55 20 34 2 0.7 28 106
20170824 50 14 43 2 0.5 40 79
20170825 49 10 38 3 0.4 39 77
20170826 60 15 56 3 0.5 48 51
20170827 38 17 30 2 0.5 28 75
20170828 35 19 29 2 0.5 28 66
20170829 51 17 51 4 0.5 37 84
20170830 88 52 87 4 0.8 44 145
20170831 110 83 103 2 0.9 35 115
20170901 185 139 157 3 1.5 41 140
20170902 135 103 93 3 1.1 34 137
20170903 97 58 82 4 0.8 32 156
20170904 115 87 110 4 0.9 36 148
20170905 56 39 62 3 0.7 37 83
20170906 65 16 50 3 0.5 41 118
20170907 140 48 105 3 0.8 49 203
20170908 180 117 152 4 1.2 43 245
20170909 133 101 118 7 1.8 34 169
20170910 122 92 112 4 1.2 43 83
20170911 50 18 38 2 0.5 40 87
20170912 66 22 61 2 0.5 45 119
20170913 120 73 128 6 1.1 59 182
20170914 112 84 121 5 1 51 157
20170915 80 59 100 4 0.9 63 117
20170916 120 91 124 4 1.1 63 150
20170917 45 11 38 3 0.4 36 86
20170918 75 23 74 3 0.6 58 130
20170919 58 12 48 3 0.5 46 81
20170920 62 14 57 3 0.4 49 89
20170921 99 58 122 8 1 79 134
20170922 72 24 94 2 0.5 41 81
20170923 121 50 192 7 0.9 75 101
20170924 104 64 158 4 1 62 141
20170925 103 77 130 8 1.5 47 131
20170926 65 47 68 2 0.7 43 55
20170927 62 28 61 4 1 49 28
20170928 39 10 39 4 0.3 30 64
20170929 92 45 102 5 0.8 73 65
20170930 147 112 152 5 1.2 69 110
20171001 92 68 76 2 0.7 49 93
20171002 45 13 45 4 0.5 35 37
20171003 44 16 41 2 0.4 35 51
20171004 56 30 62 5 0.6 40 69
20171005 75 55 79 5 0.7 41 85
20171006 90 67 90 6 0.8 50 87
20171007 149 114 127 3 1.1 75 14
20171008 163 124 122 3 1.2 68 8
20171009 40 28 10 3 0.6 30 35
20171010 25 6 11 4 0.4 20 40
20171011 37 11 23 3 0.4 29 42
20171012 50 21 38 3 0.5 40 38
20171013 63 38 55 2 0.8 50 49
20171014 54 15 34 3 0.6 43 24
20171015 69 50 71 3 1 42 45
20171016 57 40 60 4 0.9 42 56
20171017 93 69 80 3 1.2 49 47
20171018 90 67 58 3 1.2 46 26
20171019 77 56 52 2 1.2 38 54
20171020 129 98 96 2 1.4 48 55
20171021 97 72 66 3 1.3 38 69
20171022 57 39 58 4 1 45 25
20171023 52 36 47 2 0.6 39 50
20171024 94 70 69 3 1 47 63
20171025 144 110 104 3 1.3 56 34
20171026 202 152 132 3 1.6 69 24
20171027 220 170 146 3 1.6 68 44
20171028 59 42 38 2 0.6 26 55
20171029 35 8 25 3 0.4 28 56
20171030 59 18 44 4 0.5 47 43
20171031 92 62 106 5 1 73 9
20171101 99 64 100 3 1 79 29
20171102 72 51 86 6 0.9 57 55
20171103 39 8 29 2 0.4 31 61
20171104 69 37 64 5 0.8 55 44
20171105 133 101 119 7 1.3 71 36
20171106 202 152 165 5 1.5 71 53
20171107 107 80 71 3 0.9 44 64
20171108 65 20 47 6 0.8 52 29
20171109 79 52 93 6 1.4 63 20
20171110 37 7 37 2 0.3 15 57
20171111 47 18 39 4 0.4 37 36
20171112 80 56 93 6 1 64 14
20171113 60 26 69 3 0.6 30 61
20171114 34 10 30 3 0.5 27 61
20171115 48 16 39 3 0.5 38 58
20171116 92 58 88 10 1.3 73 19
20171117 54 22 58 4 0.6 31 64
20171118 57 40 63 7 0.6 36 59
20171119 120 91 120 8 1.3 74 17
20171120 138 105 133 10 1.8 85 28
20171121 152 116 160 12 1.8 86 47
20171122 33 7 33 3 0.3 18 61
20171123 30 7 30 3 0.4 21 54
20171124 51 21 51 7 0.6 35 50
20171125 74 39 79 8 1 59 26
20171126 33 12 31 3 0.4 26 61
20171127 94 70 97 10 1.4 72 13
20171128 63 37 75 4 0.8 38 64
20171129 45 14 36 4 0.5 36 43
20171130 55 26 53 7 0.7 44 58
20171201 98 73 106 11 1.3 71 23
20171202 202 152 188 17 2.3 108 11
20171203 67 48 58 6 0.8 39 63
20171204 30 6 22 2 0.4 17 60
20171205 63 26 52 7 0.7 50 44
20171206 54 24 54 8 0.8 43 58
20171207 27 9 26 5 0.4 21 51
20171208 57 23 50 6 0.8 45 38
20171209 74 34 63 9 1 59 25
20171210 46 7 46 3 0.3 15 69
20171211 33 6 21 3 0.3 17 66
20171212 42 14 29 5 0.6 33 35
20171213 65 32 50 8 0.9 52 22
20171214 97 72 86 19 1.8 70 13
20171215 51 33 52 7 0.8 34 57
20171216 36 8 36 3 0.3 12 64
20171217 68 28 54 7 0.8 54 56
20171218 47 12 47 4 0.4 21 63
20171219 65 38 72 9 0.8 52 33
20171220 53 20 43 5 0.6 42 64
20171221 98 51 76 13 1.3 78 20
20171222 72 36 62 9 1.1 57 62
20171223 79 32 58 11 1 63 19
20171224 49 13 49 4 0.4 16 73
20171225 62 31 51 10 0.7 49 43
20171226 59 23 43 7 0.7 47 47
20171227 99 74 85 11 1.5 71 15
20171228 143 109 123 13 1.9 70 19
20171229 225 175 192 6 2.9 86 11
20171230 145 111 77 5 2 62 52
20171231 64 33 67 6 0.9 51 35
20180101 59 36 67 11 1.2 47 44
20180102 48 26 48 7 0.9 35 50
20180103 29 11 28 5 0.5 23 55
20180104 45 15 29 5 0.5 36 42
20180105 68 33 57 9 1 54 39
20180106 52 16 30 6 0.6 41 53
20180107 59 38 57 11 0.9 47 55
20180108 55 12 60 4 0.3 12 66
20180109 35 7 35 3 0.3 14 69
20180110 34 6 23 3 0.3 10 68
20180111 34 12 25 5 0.5 27 61
20180112 94 59 88 12 1.4 75 23
20180113 135 103 129 16 1.8 86 18
20180114 175 132 106 13 1.8 77 46
20180115 64 32 57 9 1 51 45
20180116 114 45 178 6 0.8 46 60
20180117 76 41 101 9 1.1 54 67
20180118 100 63 106 12 1.3 80 21
20180119 104 78 119 16 1.6 79 40
20180120 65 30 74 10 0.9 52 35
20180121 64 37 77 21 1.3 48 32
20180122 50 23 50 5 0.7 28 71
20180123 33 10 30 4 0.4 16 66
20180124 40 18 34 6 0.5 32 72
20180125 37 9 22 4 0.4 29 68
20180126 58 27 40 8 0.6 46 45
20180127 108 81 94 15 1.5 73 15
20180128 57 11 64 3 0.4 16 72
20180129 55 8 60 4 0.4 22 67
20180130 37 10 35 6 0.4 26 74
20180131 62 21 73 7 0.5 32 71
20180201 67 30 83 11 0.8 39 70
20180202 37 8 29 5 0.4 12 74
20180203 36 8 20 5 0.4 22 71
20180204 44 19 37 9 0.6 35 60
20180205 37 7 18 3 0.3 17 73
20180206 72 44 58 14 0.9 57 46
20180207 50 32 50 9 0.7 35 83
20180208 73 52 82 12 1 58 54
20180209 79 40 108 9 0.7 35 81
20180210 43 10 43 4 0.4 13 81
20180211 66 9 82 5 0.3 7 80
20180212 52 12 54 6 0.4 17 79
20180213 80 59 81 14 1.2 62 55
20180214 40 13 34 4 0.4 19 80
20180215 73 53 68 13 0.6 24 87
20180216 105 79 102 15 0.6 26 93
20180217 110 83 94 12 1.4 38 54
20180218 152 116 119 16 1.9 50 88
20180219 188 141 128 26 2.2 46 76
20180220 64 46 43 7 0.7 23 92
20180221 48 33 43 7 0.6 29 88
20180222 46 17 46 6 0.5 31 82
20180223 53 23 55 6 0.6 32 86
20180224 62 30 74 11 0.7 23 71
20180225 82 60 74 11 0.9 47 72
20180226 165 125 130 22 1.7 75 94
20180227 219 169 180 13 2 56 72
20180228 117 88 125 10 1.1 37 80
20180301 50 17 50 4 0.4 18 87
20180302 105 79 105 19 1.1 56 71
20180303 221 171 200 19 2 79 57
20180304 129 58 207 7 0.9 38 51
20180305 90 48 129 9 0.9 45 71
20180306 63 45 65 12 0.9 41 69
20180307 65 47 64 10 0.8 50 48
20180308 63 45 63 6 0.7 37 76
20180309 138 105 114 13 1.3 72 79
20180310 156 119 121 16 1.5 63 110
20180311 87 64 78 18 1.4 50 65
20180312 195 146 118 11 1.7 75 88
20180313 294 244 217 11 2.1 100 153
20180314 288 238 0 17 2.6 79 82
20180315 54 20 58 3 0.4 18 93
20180316 56 32 62 8 0.6 30 95
20180317 83 61 58 5 0.9 62 29
20180318 138 105 0 3 1 56 88
20180319 94 70 49 4 0.8 47 97
20180320 46 23 46 4 0.5 34 87
20180321 80 59 82 9 0.9 56 75
20180322 114 86 106 8 1 67 106
20180323 144 110 133 11 1.4 90 64
20180324 120 91 101 10 1.2 63 118
20180325 78 57 95 7 0.7 59 128
20180326 160 122 147 13 1.1 76 140
20180327 249 199 224 12 1.4 103 119
20180328 500 144 917 6 0.9 52 75
20180329 110 39 170 13 0.9 46 88
20180330 69 43 84 8 0.6 55 104
20180331 134 102 155 13 1.1 84 120
